[gd_scene load_steps=12 format=2]

[ext_resource path="res://Assets/Scripts/Main.gd" type="Script" id=1]
[ext_resource path="res://Assets/Fonts/ubuntu/ubuntu-M.tres" type="DynamicFont" id=2]
[ext_resource path="res://Assets/Scenes/Trees/Tree_1.tscn" type="PackedScene" id=3]
[ext_resource path="res://Assets/Scenes/Trees/Tree_3.tscn" type="PackedScene" id=4]
[ext_resource path="res://Assets/Scenes/Trees/Tree_4.tscn" type="PackedScene" id=5]
[ext_resource path="res://Assets/Scenes/Trees/Tree_2.tscn" type="PackedScene" id=6]
[ext_resource path="res://Assets/Scenes/Trees/Tree_5.tscn" type="PackedScene" id=7]
[ext_resource path="res://Assets/Img/Checkerboard_6x6.svg" type="Texture" id=8]
[ext_resource path="res://Assets/Scenes/Ball.tscn" type="PackedScene" id=9]

[sub_resource type="PanoramaSky" id=1]

radiance_size = 4
panorama = ExtResource( 8 )

[sub_resource type="Environment" id=2]

background_mode = 2
background_sky = SubResource( 1 )
background_sky_custom_fov = 0.0
background_color = Color( 0.765905, 0.833984, 0.485405, 1 )
background_energy = 0.7
background_canvas_max_layer = 0
ambient_light_color = Color( 0, 0, 0, 1 )
ambient_light_energy = 1.0
ambient_light_sky_contribution = 0.3
fog_enabled = false
fog_color = Color( 0.5, 0.6, 0.7, 1 )
fog_sun_color = Color( 1, 0.9, 0.7, 1 )
fog_sun_amount = 0.0
fog_depth_enabled = true
fog_depth_begin = 10.0
fog_depth_curve = 1.0
fog_transmit_enabled = false
fog_transmit_curve = 1.0
fog_height_enabled = false
fog_height_min = 0.0
fog_height_max = 100.0
fog_height_curve = 1.0
tonemap_mode = 0
tonemap_exposure = 1.0
tonemap_white = 1.0
auto_exposure_enabled = false
auto_exposure_scale = 0.4
auto_exposure_min_luma = 0.05
auto_exposure_max_luma = 8.0
auto_exposure_speed = 0.5
ss_reflections_enabled = true
ss_reflections_max_steps = 64
ss_reflections_fade_in = 0.15
ss_reflections_fade_out = 2.0
ss_reflections_depth_tolerance = 0.2
ss_reflections_roughness = true
ssao_enabled = true
ssao_radius = 1.0
ssao_intensity = 1.0
ssao_radius2 = 0.0
ssao_intensity2 = 1.0
ssao_bias = 0.01
ssao_light_affect = 0.0
ssao_color = Color( 0, 0, 0, 1 )
ssao_quality = 0
ssao_blur = 3
ssao_edge_sharpness = 4.0
dof_blur_far_enabled = false
dof_blur_far_distance = 10.0
dof_blur_far_transition = 5.0
dof_blur_far_amount = 0.1
dof_blur_far_quality = 1
dof_blur_near_enabled = false
dof_blur_near_distance = 2.0
dof_blur_near_transition = 1.0
dof_blur_near_amount = 0.1
dof_blur_near_quality = 1
glow_enabled = false
glow_levels/1 = false
glow_levels/2 = false
glow_levels/3 = true
glow_levels/4 = false
glow_levels/5 = true
glow_levels/6 = false
glow_levels/7 = false
glow_intensity = 0.8
glow_strength = 1.0
glow_bloom = 0.0
glow_blend_mode = 2
glow_hdr_threshold = 1.0
glow_hdr_scale = 2.0
glow_bicubic_upscale = false
adjustment_enabled = false
adjustment_brightness = 1.0
adjustment_contrast = 1.0
adjustment_saturation = 1.0
_sections_unfolded = [ "Ambient Light", "Auto Exposure", "Background", "Fog", "Glow", "SS Reflections", "SSAO", "Tonemap" ]

[node name="Main" type="Spatial" index="0"]

script = ExtResource( 1 )
_sections_unfolded = [ "Transform" ]

[node name="Panel" type="Panel" parent="." index="0"]

anchor_left = 0.0
anchor_top = 0.0
anchor_right = 0.0
anchor_bottom = 0.0
margin_left = 53.0
margin_top = 44.0
margin_right = 163.0
margin_bottom = 84.0
rect_pivot_offset = Vector2( 0, 0 )
rect_clip_content = false
mouse_filter = 0
mouse_default_cursor_shape = 0
size_flags_horizontal = 1
size_flags_vertical = 1

[node name="FPS" type="Label" parent="Panel" index="0"]

anchor_left = 0.0
anchor_top = 0.0
anchor_right = 0.0
anchor_bottom = 0.0
margin_left = 6.0
margin_top = 3.0
margin_right = 66.0
margin_bottom = 37.0
rect_pivot_offset = Vector2( 0, 0 )
rect_clip_content = false
mouse_filter = 2
mouse_default_cursor_shape = 0
size_flags_horizontal = 1
size_flags_vertical = 4
custom_fonts/font = ExtResource( 2 )
text = "FPS:"
percent_visible = 1.0
lines_skipped = 0
max_lines_visible = -1
_sections_unfolded = [ "custom_fonts" ]

[node name="Camera" type="Camera" parent="." index="1"]

transform = Transform( 0.573576, -0.469846, 0.67101, 0, 0.819152, 0.573576, -0.819152, -0.32899, 0.469846, 41.5132, 50.7208, 35.3237 )
keep_aspect = 1
cull_mask = 1048575
environment = null
h_offset = 0.0
v_offset = 0.0
doppler_tracking = 0
projection = 0
current = true
fov = 70.0
size = 1.0
near = 0.05
far = 150.0

[node name="Tree_1" parent="." index="2" instance=ExtResource( 3 )]

transform = Transform( 1, 0, 0, 0, 1, 0, 0, 0, 1, -19.9992, -10.6888, -0.727589 )

[node name="Tree_3" parent="." index="3" instance=ExtResource( 4 )]

transform = Transform( 1, 0, 0, 0, 1, 0, 0, 0, 1, 4.22539, -11, -8.39715 )

[node name="Tree_4" parent="." index="4" instance=ExtResource( 5 )]

transform = Transform( 1, 0, 0, 0, 1, 0, 0, 0, 1, -16.5941, -11, -15.7048 )

[node name="Tree_2" parent="." index="5" instance=ExtResource( 6 )]

transform = Transform( 1, 0, 0, 0, 1, 0, 0, 0, 1, -12.05, -11, 10.9676 )

[node name="Tree_5" parent="." index="6" instance=ExtResource( 7 )]

transform = Transform( 1, 0, 0, 0, 1, 0, 0, 0, 1, 6.43831, -11, 7.86622 )

[node name="WorldEnvironment" type="WorldEnvironment" parent="." index="7"]

environment = SubResource( 2 )

[node name="DirectionalLight" type="DirectionalLight" parent="." index="8"]

transform = Transform( 1, 0, 0, 0, 0.862363, 0.50629, 0, -0.50629, 0.862363, -58.3229, 88.6716, 93.8292 )
layers = 1
light_color = Color( 1, 1, 1, 1 )
light_energy = 1.0
light_indirect_energy = 1.0
light_negative = false
light_specular = 0.5
light_bake_mode = 2
light_cull_mask = -1
shadow_enabled = true
shadow_color = Color( 0, 0, 0, 1 )
shadow_bias = 1.0
shadow_contact = 0.0
shadow_reverse_cull_face = false
editor_only = false
directional_shadow_mode = 2
directional_shadow_split_1 = 0.1
directional_shadow_split_2 = 0.4
directional_shadow_split_3 = 0.6
directional_shadow_blend_splits = true
directional_shadow_normal_bias = 0.8
directional_shadow_bias_split_scale = 0.25
directional_shadow_depth_range = 1
directional_shadow_max_distance = 200.0
_sections_unfolded = [ "Directional Shadow", "Editor", "Light", "Shadow", "Transform" ]

[node name="Balls" type="Spatial" parent="." index="9"]

transform = Transform( 0.991455, 0.0764834, 0.105675, -0.0681651, 0.994445, -0.0802067, -0.111223, 0.072318, 0.991161, -12.6668, 101.402, 11.4697 )

[node name="Ball" parent="Balls" index="0" instance=ExtResource( 9 )]

transform = Transform( 0.991455, -0.0681651, -0.111222, 0.0764834, 0.994445, 0.072318, 0.105676, -0.0802067, 0.991161, 2, 3.8147e-06, 2 )
_sections_unfolded = [ "Angular", "Axis Lock", "Collision", "Linear", "Transform" ]

[node name="Ball977" parent="Balls" index="1" instance=ExtResource( 9 )]

transform = Transform( 0.991455, -0.0681652, -0.111222, 0.0764834, 0.994445, 0.072318, 0.105676, -0.0802067, 0.991161, 3.77955, -1.15707, -13.8586 )
_sections_unfolded = [ "Angular", "Axis Lock", "Collision", "Linear", "Transform" ]

[node name="Ball633" parent="Balls" index="2" instance=ExtResource( 9 )]

transform = Transform( 0.991455, -0.0681652, -0.111222, 0.0764834, 0.994445, 0.072318, 0.105676, -0.0802067, 0.991161, 17.8633, 1.22374, 3.69081 )
_sections_unfolded = [ "Angular", "Axis Lock", "Collision", "Linear", "Transform" ]

[node name="Ball1273" parent="Balls" index="3" instance=ExtResource( 9 )]

transform = Transform( 0.991455, -0.0681652, -0.111222, 0.0764834, 0.994445, 0.072318, 0.105676, -0.0802067, 0.991161, 19.6428, 0.066658, -12.1678 )
_sections_unfolded = [ "Angular", "Axis Lock", "Collision", "Linear", "Transform" ]

[node name="Ball316" parent="Balls" index="4" instance=ExtResource( 9 )]

transform = Transform( 0.991455, -0.0681652, -0.111222, 0.0764834, 0.994445, 0.072318, 0.105676, -0.0802067, 0.991161, 2.88977, -0.578541, -5.92928 )
_sections_unfolded = [ "Angular", "Axis Lock", "Collision", "Linear", "Transform" ]

[node name="Ball979" parent="Balls" index="5" instance=ExtResource( 9 )]

transform = Transform( 0.991455, -0.0681652, -0.111222, 0.0764834, 0.994445, 0.072318, 0.105676, -0.0802067, 0.991161, 4.66932, -1.73563, -21.7878 )
_sections_unfolded = [ "Angular", "Axis Lock", "Collision", "Linear", "Transform" ]

[node name="Ball635" parent="Balls" index="6" instance=ExtResource( 9 )]

transform = Transform( 0.991455, -0.0681652, -0.111222, 0.0764834, 0.994445, 0.072318, 0.105676, -0.0802067, 0.991161, 18.753, 0.645191, -4.23847 )
_sections_unfolded = [ "Angular", "Axis Lock", "Collision", "Linear", "Transform" ]

[node name="Ball1275" parent="Balls" index="7" instance=ExtResource( 9 )]

transform = Transform( 0.991455, -0.0681652, -0.111222, 0.0764834, 0.994445, 0.072318, 0.105676, -0.0802067, 0.991161, 20.5326, -0.511894, -20.097 )
_sections_unfolded = [ "Angular", "Axis Lock", "Collision", "Linear", "Transform" ]

[node name="Ball156" parent="Balls" index="8" instance=ExtResource( 9 )]

transform = Transform( 0.991455, -0.0681652, -0.111222, 0.0764834, 0.994445, 0.072318, 0.105676, -0.0802067, 0.991161, 9.93163, 0.611874, 2.84541 )
_sections_unfolded = [ "Angular", "Axis Lock", "Collision", "Linear", "Transform" ]

[node name="Ball980" parent="Balls" index="9" instance=ExtResource( 9 )]

transform = Transform( 0.991455, -0.0681652, -0.111222, 0.0764834, 0.994445, 0.072318, 0.105676, -0.0802067, 0.991161, 11.7112, -0.545208, -13.0132 )
_sections_unfolded = [ "Angular", "Axis Lock", "Collision", "Linear", "Transform" ]

[node name="Ball636" parent="Balls" index="10" instance=ExtResource( 9 )]

transform = Transform( 0.991455, -0.0681652, -0.111222, 0.0764834, 0.994445, 0.072318, 0.105676, -0.0802067, 0.991161, 25.7949, 1.83561, 4.53622 )
_sections_unfolded = [ "Angular", "Axis Lock", "Collision", "Linear", "Transform" ]

[node name="Ball1276" parent="Balls" index="11" instance=ExtResource( 9 )]

transform = Transform( 0.991455, -0.0681652, -0.111222, 0.0764834, 0.994445, 0.072318, 0.105676, -0.0802067, 0.991161, 27.5745, 0.67852, -11.3223 )
_sections_unfolded = [ "Angular", "Axis Lock", "Collision", "Linear", "Transform" ]

[node name="Ball288" parent="Balls" index="12" instance=ExtResource( 9 )]

transform = Transform( 0.991455, -0.0681652, -0.111222, 0.0764834, 0.994445, 0.072318, 0.105676, -0.0802067, 0.991161, 10.8214, 0.033329, -5.08387 )
_sections_unfolded = [ "Angular", "Axis Lock", "Collision", "Linear", "Transform" ]

[node name="Ball981" parent="Balls" index="13" instance=ExtResource( 9 )]

transform = Transform( 0.991455, -0.0681652, -0.111222, 0.0764834, 0.994445, 0.072318, 0.105676, -0.0802067, 0.991161, 12.601, -1.12375, -20.9424 )
_sections_unfolded = [ "Angular", "Axis Lock", "Collision", "Linear", "Transform" ]

[node name="Ball637" parent="Balls" index="14" instance=ExtResource( 9 )]

transform = Transform( 0.991455, -0.0681652, -0.111222, 0.0764834, 0.994445, 0.072318, 0.105676, -0.0802067, 0.991161, 26.6847, 1.25706, -3.39306 )
_sections_unfolded = [ "Angular", "Axis Lock", "Collision", "Linear", "Transform" ]

[node name="Ball1277" parent="Balls" index="15" instance=ExtResource( 9 )]

transform = Transform( 0.991455, -0.0681652, -0.111222, 0.0764834, 0.994445, 0.072318, 0.105676, -0.0802067, 0.991161, 28.4642, 0.0999756, -19.2516 )
_sections_unfolded = [ "Angular", "Axis Lock", "Collision", "Linear", "Transform" ]

[node name="Ball76" parent="Balls" index="16" instance=ExtResource( 9 )]

transform = Transform( 0.991455, -0.0681652, -0.111222, 0.0764834, 0.994445, 0.072318, 0.105676, -0.0802067, 0.991161, -0.0449791, 29.8333, -0.4062 )
_sections_unfolded = [ "Angular", "Axis Lock", "Collision", "Linear", "Transform" ]

[node name="Ball982" parent="Balls" index="17" instance=ExtResource( 9 )]

transform = Transform( 0.991455, -0.0681652, -0.111222, 0.0764834, 0.994445, 0.072318, 0.105676, -0.0802067, 0.991161, 1.73458, 28.6763, -16.2648 )
_sections_unfolded = [ "Angular", "Axis Lock", "Collision", "Linear", "Transform" ]

[node name="Ball638" parent="Balls" index="18" instance=ExtResource( 9 )]

transform = Transform( 0.991455, -0.0681652, -0.111222, 0.0764834, 0.994445, 0.072318, 0.105676, -0.0802067, 0.991161, 15.8183, 31.0571, 1.28461 )
_sections_unfolded = [ "Angular", "Axis Lock", "Collision", "Linear", "Transform" ]

[node name="Ball1278" parent="Balls" index="19" instance=ExtResource( 9 )]

transform = Transform( 0.991455, -0.0681652, -0.111222, 0.0764834, 0.994445, 0.072318, 0.105676, -0.0802067, 0.991161, 17.5978, 29.9, -14.574 )
_sections_unfolded = [ "Angular", "Axis Lock", "Collision", "Linear", "Transform" ]

[node name="Ball187" parent="Balls" index="20" instance=ExtResource( 9 )]

transform = Transform( 0.991455, -0.0681652, -0.111222, 0.0764834, 0.994445, 0.072318, 0.105676, -0.0802067, 0.991161, 0.844791, 29.2548, -8.33548 )
_sections_unfolded = [ "Angular", "Axis Lock", "Collision", "Linear", "Transform" ]

[node name="Ball984" parent="Balls" index="21" instance=ExtResource( 9 )]

transform = Transform( 0.991455, -0.0681652, -0.111222, 0.0764834, 0.994445, 0.072318, 0.105676, -0.0802067, 0.991161, 2.62434, 28.0977, -24.1941 )
_sections_unfolded = [ "Angular", "Axis Lock", "Collision", "Linear", "Transform" ]

[node name="Ball640" parent="Balls" index="22" instance=ExtResource( 9 )]

transform = Transform( 0.991455, -0.0681652, -0.111222, 0.0764834, 0.994445, 0.072318, 0.105676, -0.0802067, 0.991161, 16.7081, 30.4785, -6.64468 )
_sections_unfolded = [ "Angular", "Axis Lock", "Collision", "Linear", "Transform" ]

[node name="Ball1280" parent="Balls" index="23" instance=ExtResource( 9 )]

transform = Transform( 0.991455, -0.0681652, -0.111222, 0.0764834, 0.994445, 0.072318, 0.105676, -0.0802067, 0.991161, 18.4876, 29.3214, -22.5032 )
_sections_unfolded = [ "Angular", "Axis Lock", "Collision", "Linear", "Transform" ]

[node name="Ball107" parent="Balls" index="24" instance=ExtResource( 9 )]

transform = Transform( 0.991455, -0.0681652, -0.111222, 0.0764834, 0.994445, 0.072318, 0.105676, -0.0802067, 0.991161, 7.88665, 30.4452, 0.439205 )
_sections_unfolded = [ "Angular", "Axis Lock", "Collision", "Linear", "Transform" ]

[node name="Ball723" parent="Balls" index="25" instance=ExtResource( 9 )]

transform = Transform( 0.991455, -0.0681652, -0.111222, 0.0764834, 0.994445, 0.072318, 0.105676, -0.0802067, 0.991161, 9.6662, 29.2881, -15.4194 )
_sections_unfolded = [ "Angular", "Axis Lock", "Collision", "Linear", "Transform" ]

[node name="Ball402" parent="Balls" index="26" instance=ExtResource( 9 )]

transform = Transform( 0.991455, -0.0681652, -0.111222, 0.0764834, 0.994445, 0.072318, 0.105676, -0.0802067, 0.991161, 23.7499, 31.6689, 2.13001 )
_sections_unfolded = [ "Angular", "Axis Lock", "Collision", "Linear", "Transform" ]

[node name="Ball1112" parent="Balls" index="27" instance=ExtResource( 9 )]

transform = Transform( 0.991455, -0.0681652, -0.111222, 0.0764834, 0.994445, 0.072318, 0.105676, -0.0802067, 0.991161, 25.5295, 30.5119, -13.7286 )
_sections_unfolded = [ "Angular", "Axis Lock", "Collision", "Linear", "Transform" ]

[node name="Ball231" parent="Balls" index="28" instance=ExtResource( 9 )]

transform = Transform( 0.991455, -0.0681652, -0.111222, 0.0764834, 0.994445, 0.072318, 0.105676, -0.0802067, 0.991161, 8.77642, 29.8667, -7.49008 )
_sections_unfolded = [ "Angular", "Axis Lock", "Collision", "Linear", "Transform" ]

[node name="Ball692" parent="Balls" index="29" instance=ExtResource( 9 )]

transform = Transform( 0.991455, -0.0681652, -0.111222, 0.0764834, 0.994445, 0.072318, 0.105676, -0.0802067, 0.991161, 10.556, 28.7096, -23.3486 )
_sections_unfolded = [ "Angular", "Axis Lock", "Collision", "Linear", "Transform" ]

[node name="Ball371" parent="Balls" index="30" instance=ExtResource( 9 )]

transform = Transform( 0.991455, -0.0681652, -0.111222, 0.0764834, 0.994445, 0.072318, 0.105676, -0.0802067, 0.991161, 24.6397, 31.0904, -5.79927 )
_sections_unfolded = [ "Angular", "Axis Lock", "Collision", "Linear", "Transform" ]

[node name="Ball1011" parent="Balls" index="31" instance=ExtResource( 9 )]

transform = Transform( 0.991455, -0.0681652, -0.111222, 0.0764834, 0.994445, 0.072318, 0.105676, -0.0802067, 0.991161, 26.4192, 29.9333, -21.6578 )
_sections_unfolded = [ "Angular", "Axis Lock", "Collision", "Linear", "Transform" ]

[node name="Ball36" parent="Balls" index="32" instance=ExtResource( 9 )]

transform = Transform( 0.991455, -0.0681652, -0.111222, 0.0764834, 0.994445, 0.072318, 0.105676, -0.0802067, 0.991161, 0.97752, 14.9167, 0.7969 )
_sections_unfolded = [ "Angular", "Axis Lock", "Collision", "Linear", "Transform" ]

[node name="Ball708" parent="Balls" index="33" instance=ExtResource( 9 )]

transform = Transform( 0.991455, -0.0681652, -0.111222, 0.0764834, 0.994445, 0.072318, 0.105676, -0.0802067, 0.991161, 2.75707, 13.7596, -15.0617 )
_sections_unfolded = [ "Angular", "Axis Lock", "Collision", "Linear", "Transform" ]

[node name="Ball387" parent="Balls" index="34" instance=ExtResource( 9 )]

transform = Transform( 0.991455, -0.0681652, -0.111222, 0.0764834, 0.994445, 0.072318, 0.105676, -0.0802067, 0.991161, 16.8408, 16.1404, 2.48771 )
_sections_unfolded = [ "Angular", "Axis Lock", "Collision", "Linear", "Transform" ]

[node name="Ball992" parent="Balls" index="35" instance=ExtResource( 9 )]

transform = Transform( 0.991455, -0.0681652, -0.111222, 0.0764834, 0.994445, 0.072318, 0.105676, -0.0802067, 0.991161, 18.6203, 14.9833, -13.3709 )
_sections_unfolded = [ "Angular", "Axis Lock", "Collision", "Linear", "Transform" ]

[node name="Ball163" parent="Balls" index="36" instance=ExtResource( 9 )]

transform = Transform( 0.991455, -0.0681652, -0.111222, 0.0764834, 0.994445, 0.072318, 0.105676, -0.0802067, 0.991161, 1.86729, 14.3381, -7.13238 )
_sections_unfolded = [ "Angular", "Axis Lock", "Collision", "Linear", "Transform" ]

[node name="Ball702" parent="Balls" index="37" instance=ExtResource( 9 )]

transform = Transform( 0.991455, -0.0681652, -0.111222, 0.0764834, 0.994445, 0.072318, 0.105676, -0.0802067, 0.991161, 3.64684, 13.181, -22.991 )
_sections_unfolded = [ "Angular", "Axis Lock", "Collision", "Linear", "Transform" ]

[node name="Ball381" parent="Balls" index="38" instance=ExtResource( 9 )]

transform = Transform( 0.991455, -0.0681652, -0.111222, 0.0764834, 0.994445, 0.072318, 0.105676, -0.0802067, 0.991161, 17.7306, 15.5619, -5.44157 )
_sections_unfolded = [ "Angular", "Axis Lock", "Collision", "Linear", "Transform" ]

[node name="Ball1017" parent="Balls" index="39" instance=ExtResource( 9 )]

transform = Transform( 0.991455, -0.0681652, -0.111222, 0.0764834, 0.994445, 0.072318, 0.105676, -0.0802067, 0.991161, 19.5101, 14.4048, -21.3001 )
_sections_unfolded = [ "Angular", "Axis Lock", "Collision", "Linear", "Transform" ]

[node name="Ball83" parent="Balls" index="40" instance=ExtResource( 9 )]

transform = Transform( 0.991455, -0.0681652, -0.111222, 0.0764834, 0.994445, 0.072318, 0.105676, -0.0802067, 0.991161, 8.90915, 15.5285, 1.64231 )
_sections_unfolded = [ "Angular", "Axis Lock", "Collision", "Linear", "Transform" ]

[node name="Ball772" parent="Balls" index="41" instance=ExtResource( 9 )]

transform = Transform( 0.991455, -0.0681652, -0.111222, 0.0764834, 0.994445, 0.072318, 0.105676, -0.0802067, 0.991161, 10.6887, 14.3715, -14.2163 )
_sections_unfolded = [ "Angular", "Axis Lock", "Collision", "Linear", "Transform" ]

[node name="Ball451" parent="Balls" index="42" instance=ExtResource( 9 )]

transform = Transform( 0.991455, -0.0681652, -0.111222, 0.0764834, 0.994445, 0.072318, 0.105676, -0.0802067, 0.991161, 24.7724, 16.7523, 3.33311 )
_sections_unfolded = [ "Angular", "Axis Lock", "Collision", "Linear", "Transform" ]

[node name="Ball1075" parent="Balls" index="43" instance=ExtResource( 9 )]

transform = Transform( 0.991455, -0.0681652, -0.111222, 0.0764834, 0.994445, 0.072318, 0.105676, -0.0802067, 0.991161, 26.552, 15.5952, -12.5255 )
_sections_unfolded = [ "Angular", "Axis Lock", "Collision", "Linear", "Transform" ]

[node name="Ball215" parent="Balls" index="44" instance=ExtResource( 9 )]

transform = Transform( 0.991455, -0.0681652, -0.111222, 0.0764834, 0.994445, 0.072318, 0.105676, -0.0802067, 0.991161, 9.79893, 14.95, -6.28698 )
_sections_unfolded = [ "Angular", "Axis Lock", "Collision", "Linear", "Transform" ]

[node name="Ball851" parent="Balls" index="45" instance=ExtResource( 9 )]

transform = Transform( 0.991455, -0.0681652, -0.111222, 0.0764834, 0.994445, 0.072318, 0.105676, -0.0802067, 0.991161, 11.5785, 13.7929, -22.1455 )
_sections_unfolded = [ "Angular", "Axis Lock", "Collision", "Linear", "Transform" ]

[node name="Ball524" parent="Balls" index="46" instance=ExtResource( 9 )]

transform = Transform( 0.991455, -0.0681652, -0.111222, 0.0764834, 0.994445, 0.072318, 0.105676, -0.0802067, 0.991161, 25.6622, 16.1737, -4.59617 )
_sections_unfolded = [ "Angular", "Axis Lock", "Collision", "Linear", "Transform" ]

[node name="Ball1164" parent="Balls" index="47" instance=ExtResource( 9 )]

transform = Transform( 0.991455, -0.0681652, -0.111222, 0.0764834, 0.994445, 0.072318, 0.105676, -0.0802067, 0.991161, 27.4418, 15.0167, -20.4547 )
_sections_unfolded = [ "Angular", "Axis Lock", "Collision", "Linear", "Transform" ]

[node name="Ball43" parent="Balls" index="48" instance=ExtResource( 9 )]

transform = Transform( 0.991455, -0.0681652, -0.111222, 0.0764834, 0.994445, 0.072318, 0.105676, -0.0802067, 0.991161, -1.06745, 44.75, -1.6093 )
_sections_unfolded = [ "Angular", "Axis Lock", "Collision", "Linear", "Transform" ]

[node name="Ball783" parent="Balls" index="49" instance=ExtResource( 9 )]

transform = Transform( 0.991455, -0.0681652, -0.111222, 0.0764834, 0.994445, 0.072318, 0.105676, -0.0802067, 0.991161, 0.712093, 43.5929, -17.4679 )
_sections_unfolded = [ "Angular", "Axis Lock", "Collision", "Linear", "Transform" ]

[node name="Ball462" parent="Balls" index="50" instance=ExtResource( 9 )]

transform = Transform( 0.991455, -0.0681652, -0.111222, 0.0764834, 0.994445, 0.072318, 0.105676, -0.0802067, 0.991161, 14.7958, 45.9737, 0.0815086 )
_sections_unfolded = [ "Angular", "Axis Lock", "Collision", "Linear", "Transform" ]

[node name="Ball1083" parent="Balls" index="51" instance=ExtResource( 9 )]

transform = Transform( 0.991455, -0.0681652, -0.111222, 0.0764834, 0.994445, 0.072318, 0.105676, -0.0802067, 0.991161, 16.5754, 44.8166, -15.7771 )
_sections_unfolded = [ "Angular", "Axis Lock", "Collision", "Linear", "Transform" ]

[node name="Ball313" parent="Balls" index="52" instance=ExtResource( 9 )]

transform = Transform( 0.991455, -0.0681652, -0.111222, 0.0764834, 0.994445, 0.072318, 0.105676, -0.0802067, 0.991161, -0.177681, 44.1715, -9.53859 )
_sections_unfolded = [ "Angular", "Axis Lock", "Collision", "Linear", "Transform" ]

[node name="Ball802" parent="Balls" index="53" instance=ExtResource( 9 )]

transform = Transform( 0.991455, -0.0681652, -0.111222, 0.0764834, 0.994445, 0.072318, 0.105676, -0.0802067, 0.991161, 1.60187, 43.0144, -25.3972 )
_sections_unfolded = [ "Angular", "Axis Lock", "Collision", "Linear", "Transform" ]

[node name="Ball481" parent="Balls" index="54" instance=ExtResource( 9 )]

transform = Transform( 0.991455, -0.0681652, -0.111222, 0.0764834, 0.994445, 0.072318, 0.105676, -0.0802067, 0.991161, 15.6856, 45.3952, -7.84778 )
_sections_unfolded = [ "Angular", "Axis Lock", "Collision", "Linear", "Transform" ]

[node name="Ball1102" parent="Balls" index="55" instance=ExtResource( 9 )]

transform = Transform( 0.991455, -0.0681652, -0.111222, 0.0764834, 0.994445, 0.072318, 0.105676, -0.0802067, 0.991161, 17.4651, 44.2381, -23.7063 )
_sections_unfolded = [ "Angular", "Axis Lock", "Collision", "Linear", "Transform" ]

[node name="Ball153" parent="Balls" index="56" instance=ExtResource( 9 )]

transform = Transform( 0.991455, -0.0681652, -0.111222, 0.0764834, 0.994445, 0.072318, 0.105676, -0.0802067, 0.991161, 6.86418, 45.3619, -0.763897 )
_sections_unfolded = [ "Angular", "Axis Lock", "Collision", "Linear", "Transform" ]

[node name="Ball766" parent="Balls" index="57" instance=ExtResource( 9 )]

transform = Transform( 0.991455, -0.0681652, -0.111222, 0.0764834, 0.994445, 0.072318, 0.105676, -0.0802067, 0.991161, 8.64373, 44.2048, -16.6225 )
_sections_unfolded = [ "Angular", "Axis Lock", "Collision", "Linear", "Transform" ]

[node name="Ball445" parent="Balls" index="58" instance=ExtResource( 9 )]

transform = Transform( 0.991455, -0.0681652, -0.111222, 0.0764834, 0.994445, 0.072318, 0.105676, -0.0802067, 0.991161, 22.7275, 46.5856, 0.926912 )
_sections_unfolded = [ "Angular", "Axis Lock", "Collision", "Linear", "Transform" ]

[node name="Ball1069" parent="Balls" index="59" instance=ExtResource( 9 )]

transform = Transform( 0.991455, -0.0681652, -0.111222, 0.0764834, 0.994445, 0.072318, 0.105676, -0.0802067, 0.991161, 24.507, 45.4285, -14.9317 )
_sections_unfolded = [ "Angular", "Axis Lock", "Collision", "Linear", "Transform" ]

[node name="Ball285" parent="Balls" index="60" instance=ExtResource( 9 )]

transform = Transform( 0.991455, -0.0681652, -0.111222, 0.0764834, 0.994445, 0.072318, 0.105676, -0.0802067, 0.991161, 7.75395, 44.7833, -8.69318 )
_sections_unfolded = [ "Angular", "Axis Lock", "Collision", "Linear", "Transform" ]

[node name="Ball729" parent="Balls" index="61" instance=ExtResource( 9 )]

transform = Transform( 0.991455, -0.0681652, -0.111222, 0.0764834, 0.994445, 0.072318, 0.105676, -0.0802067, 0.991161, 9.5335, 43.6262, -24.5518 )
_sections_unfolded = [ "Angular", "Axis Lock", "Collision", "Linear", "Transform" ]

[node name="Ball408" parent="Balls" index="62" instance=ExtResource( 9 )]

transform = Transform( 0.991455, -0.0681652, -0.111222, 0.0764834, 0.994445, 0.072318, 0.105676, -0.0802067, 0.991161, 23.6172, 46.0071, -7.00237 )
_sections_unfolded = [ "Angular", "Axis Lock", "Collision", "Linear", "Transform" ]

[node name="Ball1118" parent="Balls" index="63" instance=ExtResource( 9 )]

transform = Transform( 0.991455, -0.0681653, -0.111222, 0.0764834, 0.994445, 0.072318, 0.105676, -0.0802068, 0.991161, 25.3968, 44.85, -22.8609 )
_sections_unfolded = [ "Angular", "Axis Lock", "Collision", "Linear", "Transform" ]

[node name="Ball5" parent="Balls" index="64" instance=ExtResource( 9 )]

transform = Transform( 0.991455, -0.0681652, -0.111222, 0.0764834, 0.994445, 0.072318, 0.105676, -0.0802067, 0.991161, 1.7955, 2.98334, 1.75938 )
_sections_unfolded = [ "Angular", "Axis Lock", "Collision", "Linear", "Transform" ]

[node name="Ball805" parent="Balls" index="65" instance=ExtResource( 9 )]

transform = Transform( 0.991455, -0.0681652, -0.111222, 0.0764834, 0.994445, 0.072318, 0.105676, -0.0802067, 0.991161, 3.57505, 1.82626, -14.0992 )
_sections_unfolded = [ "Angular", "Axis Lock", "Collision", "Linear", "Transform" ]

[node name="Ball484" parent="Balls" index="66" instance=ExtResource( 9 )]

transform = Transform( 0.991455, -0.0681652, -0.111222, 0.0764834, 0.994445, 0.072318, 0.105676, -0.0802067, 0.991161, 17.6588, 4.20707, 3.45019 )
_sections_unfolded = [ "Angular", "Axis Lock", "Collision", "Linear", "Transform" ]

[node name="Ball1124" parent="Balls" index="67" instance=ExtResource( 9 )]

transform = Transform( 0.991455, -0.0681652, -0.111222, 0.0764834, 0.994445, 0.072318, 0.105676, -0.0802067, 0.991161, 19.4383, 3.04999, -12.4084 )
_sections_unfolded = [ "Angular", "Axis Lock", "Collision", "Linear", "Transform" ]

[node name="Ball317" parent="Balls" index="68" instance=ExtResource( 9 )]

transform = Transform( 0.991455, -0.0681652, -0.111222, 0.0764834, 0.994445, 0.072318, 0.105676, -0.0802067, 0.991161, 2.68527, 2.4048, -6.1699 )
_sections_unfolded = [ "Angular", "Axis Lock", "Collision", "Linear", "Transform" ]

[node name="Ball791" parent="Balls" index="69" instance=ExtResource( 9 )]

transform = Transform( 0.991455, -0.0681652, -0.111222, 0.0764834, 0.994445, 0.072318, 0.105676, -0.0802067, 0.991161, 4.46482, 1.24771, -22.0285 )
_sections_unfolded = [ "Angular", "Axis Lock", "Collision", "Linear", "Transform" ]

[node name="Ball470" parent="Balls" index="70" instance=ExtResource( 9 )]

transform = Transform( 0.991455, -0.0681652, -0.111222, 0.0764834, 0.994445, 0.072318, 0.105676, -0.0802067, 0.991161, 18.5485, 3.62853, -4.47909 )
_sections_unfolded = [ "Angular", "Axis Lock", "Collision", "Linear", "Transform" ]

[node name="Ball1091" parent="Balls" index="71" instance=ExtResource( 9 )]

transform = Transform( 0.991455, -0.0681652, -0.111222, 0.0764834, 0.994445, 0.072318, 0.105676, -0.0802067, 0.991161, 20.3281, 2.47145, -20.3377 )
_sections_unfolded = [ "Angular", "Axis Lock", "Collision", "Linear", "Transform" ]

[node name="Ball157" parent="Balls" index="72" instance=ExtResource( 9 )]

transform = Transform( 0.991455, -0.0681652, -0.111222, 0.0764834, 0.994445, 0.072318, 0.105676, -0.0802067, 0.991161, 9.72713, 3.59521, 2.60478 )
_sections_unfolded = [ "Angular", "Axis Lock", "Collision", "Linear", "Transform" ]

[node name="Ball642" parent="Balls" index="73" instance=ExtResource( 9 )]

transform = Transform( 0.991455, -0.0681652, -0.111222, 0.0764834, 0.994445, 0.072318, 0.105676, -0.0802067, 0.991161, 11.5067, 2.43814, -13.2538 )
_sections_unfolded = [ "Angular", "Axis Lock", "Collision", "Linear", "Transform" ]

[node name="Ball322" parent="Balls" index="74" instance=ExtResource( 9 )]

transform = Transform( 0.991455, -0.0681652, -0.111222, 0.0764834, 0.994445, 0.072318, 0.105676, -0.0802067, 0.991161, 25.5904, 4.81895, 4.2956 )
_sections_unfolded = [ "Angular", "Axis Lock", "Collision", "Linear", "Transform" ]

[node name="Ball673" parent="Balls" index="75" instance=ExtResource( 9 )]

transform = Transform( 0.991455, -0.0681652, -0.111222, 0.0764834, 0.994445, 0.072318, 0.105676, -0.0802067, 0.991161, 27.37, 3.66187, -11.563 )
_sections_unfolded = [ "Angular", "Axis Lock", "Collision", "Linear", "Transform" ]

[node name="Ball289" parent="Balls" index="76" instance=ExtResource( 9 )]

transform = Transform( 0.991455, -0.0681652, -0.111222, 0.0764834, 0.994445, 0.072318, 0.105676, -0.0802067, 0.991161, 10.6169, 3.01667, -5.3245 )
_sections_unfolded = [ "Angular", "Axis Lock", "Collision", "Linear", "Transform" ]

[node name="Ball649" parent="Balls" index="77" instance=ExtResource( 9 )]

transform = Transform( 0.991455, -0.0681652, -0.111222, 0.0764834, 0.994445, 0.072318, 0.105676, -0.0802067, 0.991161, 12.3964, 1.85958, -21.1831 )
_sections_unfolded = [ "Angular", "Axis Lock", "Collision", "Linear", "Transform" ]

[node name="Ball329" parent="Balls" index="78" instance=ExtResource( 9 )]

transform = Transform( 0.991455, -0.0681652, -0.111222, 0.0764834, 0.994445, 0.072318, 0.105676, -0.0802067, 0.991161, 26.4802, 4.2404, -3.63369 )
_sections_unfolded = [ "Angular", "Axis Lock", "Collision", "Linear", "Transform" ]

[node name="Ball975" parent="Balls" index="79" instance=ExtResource( 9 )]

transform = Transform( 0.991455, -0.0681652, -0.111222, 0.0764834, 0.994445, 0.072318, 0.105676, -0.0802067, 0.991161, 28.2597, 3.08332, -19.4923 )
_sections_unfolded = [ "Angular", "Axis Lock", "Collision", "Linear", "Transform" ]

[node name="Ball77" parent="Balls" index="80" instance=ExtResource( 9 )]

transform = Transform( 0.991455, -0.0681652, -0.111222, 0.0764834, 0.994445, 0.072318, 0.105676, -0.0802067, 0.991161, -0.24947, 32.8167, -0.646822 )
_sections_unfolded = [ "Angular", "Axis Lock", "Collision", "Linear", "Transform" ]

[node name="Ball721" parent="Balls" index="81" instance=ExtResource( 9 )]

transform = Transform( 0.991455, -0.0681652, -0.111222, 0.0764834, 0.994445, 0.072318, 0.105676, -0.0802067, 0.991161, 1.53008, 31.6596, -16.5054 )
_sections_unfolded = [ "Angular", "Axis Lock", "Collision", "Linear", "Transform" ]

[node name="Ball400" parent="Balls" index="82" instance=ExtResource( 9 )]

transform = Transform( 0.991455, -0.0681652, -0.111222, 0.0764834, 0.994445, 0.072318, 0.105676, -0.0802067, 0.991161, 15.6138, 34.0404, 1.04399 )
_sections_unfolded = [ "Angular", "Axis Lock", "Collision", "Linear", "Transform" ]

[node name="Ball1110" parent="Balls" index="83" instance=ExtResource( 9 )]

transform = Transform( 0.991455, -0.0681652, -0.111222, 0.0764834, 0.994445, 0.072318, 0.105676, -0.0802067, 0.991161, 17.3934, 32.8833, -14.8146 )
_sections_unfolded = [ "Angular", "Axis Lock", "Collision", "Linear", "Transform" ]

[node name="Ball188" parent="Balls" index="84" instance=ExtResource( 9 )]

transform = Transform( 0.991455, -0.0681652, -0.111222, 0.0764834, 0.994445, 0.072318, 0.105676, -0.0802067, 0.991161, 0.640297, 32.2381, -8.57611 )
_sections_unfolded = [ "Angular", "Axis Lock", "Collision", "Linear", "Transform" ]

[node name="Ball965" parent="Balls" index="85" instance=ExtResource( 9 )]

transform = Transform( 0.991455, -0.0681652, -0.111222, 0.0764834, 0.994445, 0.072318, 0.105676, -0.0802067, 0.991161, 2.41983, 31.081, -24.4347 )
_sections_unfolded = [ "Angular", "Axis Lock", "Collision", "Linear", "Transform" ]

[node name="Ball632" parent="Balls" index="86" instance=ExtResource( 9 )]

transform = Transform( 0.991455, -0.0681652, -0.111222, 0.0764834, 0.994445, 0.072318, 0.105676, -0.0802067, 0.991161, 16.5036, 33.4618, -6.8853 )
_sections_unfolded = [ "Angular", "Axis Lock", "Collision", "Linear", "Transform" ]

[node name="Ball1272" parent="Balls" index="87" instance=ExtResource( 9 )]

transform = Transform( 0.991455, -0.0681652, -0.111222, 0.0764834, 0.994445, 0.072318, 0.105676, -0.0802067, 0.991161, 18.2831, 32.3048, -22.7439 )
_sections_unfolded = [ "Angular", "Axis Lock", "Collision", "Linear", "Transform" ]

[node name="Ball108" parent="Balls" index="88" instance=ExtResource( 9 )]

transform = Transform( 0.991455, -0.0681652, -0.111222, 0.0764834, 0.994445, 0.072318, 0.105676, -0.0802067, 0.991161, 7.68216, 33.4285, 0.198582 )
_sections_unfolded = [ "Angular", "Axis Lock", "Collision", "Linear", "Transform" ]

[node name="Ball691" parent="Balls" index="89" instance=ExtResource( 9 )]

transform = Transform( 0.991455, -0.0681652, -0.111222, 0.0764834, 0.994445, 0.072318, 0.105676, -0.0802067, 0.991161, 9.46171, 32.2715, -15.66 )
_sections_unfolded = [ "Angular", "Axis Lock", "Collision", "Linear", "Transform" ]

[node name="Ball370" parent="Balls" index="90" instance=ExtResource( 9 )]

transform = Transform( 0.991455, -0.0681652, -0.111222, 0.0764834, 0.994445, 0.072318, 0.105676, -0.0802067, 0.991161, 23.5454, 34.6523, 1.88939 )
_sections_unfolded = [ "Angular", "Axis Lock", "Collision", "Linear", "Transform" ]

[node name="Ball1010" parent="Balls" index="91" instance=ExtResource( 9 )]

transform = Transform( 0.991455, -0.0681652, -0.111222, 0.0764834, 0.994445, 0.072318, 0.105676, -0.0802067, 0.991161, 25.325, 33.4952, -13.9692 )
_sections_unfolded = [ "Angular", "Axis Lock", "Collision", "Linear", "Transform" ]

[node name="Ball232" parent="Balls" index="92" instance=ExtResource( 9 )]

transform = Transform( 0.991455, -0.0681652, -0.111222, 0.0764834, 0.994445, 0.072318, 0.105676, -0.0802067, 0.991161, 8.57193, 32.85, -7.7307 )
_sections_unfolded = [ "Angular", "Axis Lock", "Collision", "Linear", "Transform" ]

[node name="Ball799" parent="Balls" index="93" instance=ExtResource( 9 )]

transform = Transform( 0.991455, -0.0681652, -0.111222, 0.0764834, 0.994445, 0.072318, 0.105676, -0.0802067, 0.991161, 10.3515, 31.6929, -23.5893 )
_sections_unfolded = [ "Angular", "Axis Lock", "Collision", "Linear", "Transform" ]

[node name="Ball478" parent="Balls" index="94" instance=ExtResource( 9 )]

transform = Transform( 0.991455, -0.0681652, -0.111222, 0.0764834, 0.994445, 0.072318, 0.105676, -0.0802067, 0.991161, 24.4352, 34.0737, -6.03989 )
_sections_unfolded = [ "Angular", "Axis Lock", "Collision", "Linear", "Transform" ]

[node name="Ball1099" parent="Balls" index="95" instance=ExtResource( 9 )]

transform = Transform( 0.991455, -0.0681653, -0.111222, 0.0764834, 0.994445, 0.072318, 0.105676, -0.0802068, 0.991161, 26.2148, 32.9166, -21.8985 )
_sections_unfolded = [ "Angular", "Axis Lock", "Collision", "Linear", "Transform" ]

[node name="Ball37" parent="Balls" index="96" instance=ExtResource( 9 )]

transform = Transform( 0.991455, -0.0681652, -0.111222, 0.0764834, 0.994445, 0.072318, 0.105676, -0.0802067, 0.991161, 0.773022, 17.9, 0.55628 )
_sections_unfolded = [ "Angular", "Axis Lock", "Collision", "Linear", "Transform" ]

[node name="Ball641" parent="Balls" index="97" instance=ExtResource( 9 )]

transform = Transform( 0.991455, -0.0681652, -0.111222, 0.0764834, 0.994445, 0.072318, 0.105676, -0.0802067, 0.991161, 2.55257, 16.7429, -15.3023 )
_sections_unfolded = [ "Angular", "Axis Lock", "Collision", "Linear", "Transform" ]

[node name="Ball321" parent="Balls" index="98" instance=ExtResource( 9 )]

transform = Transform( 0.991455, -0.0681652, -0.111222, 0.0764834, 0.994445, 0.072318, 0.105676, -0.0802067, 0.991161, 16.6363, 19.1237, 2.24709 )
_sections_unfolded = [ "Angular", "Axis Lock", "Collision", "Linear", "Transform" ]

[node name="Ball815" parent="Balls" index="99" instance=ExtResource( 9 )]

transform = Transform( 0.991455, -0.0681652, -0.111222, 0.0764834, 0.994445, 0.072318, 0.105676, -0.0802067, 0.991161, 18.4158, 17.9667, -13.6115 )
_sections_unfolded = [ "Angular", "Axis Lock", "Collision", "Linear", "Transform" ]

[node name="Ball309" parent="Balls" index="100" instance=ExtResource( 9 )]

transform = Transform( 0.991455, -0.0681652, -0.111222, 0.0764834, 0.994445, 0.072318, 0.105676, -0.0802067, 0.991161, 1.66279, 17.3215, -7.373 )
_sections_unfolded = [ "Angular", "Axis Lock", "Collision", "Linear", "Transform" ]

[node name="Ball874" parent="Balls" index="101" instance=ExtResource( 9 )]

transform = Transform( 0.991455, -0.0681652, -0.111222, 0.0764834, 0.994445, 0.072318, 0.105676, -0.0802067, 0.991161, 3.44234, 16.1644, -23.2316 )
_sections_unfolded = [ "Angular", "Axis Lock", "Collision", "Linear", "Transform" ]

[node name="Ball547" parent="Balls" index="102" instance=ExtResource( 9 )]

transform = Transform( 0.991455, -0.0681652, -0.111222, 0.0764834, 0.994445, 0.072318, 0.105676, -0.0802067, 0.991161, 17.5261, 18.5452, -5.6822 )
_sections_unfolded = [ "Angular", "Axis Lock", "Collision", "Linear", "Transform" ]

[node name="Ball1187" parent="Balls" index="103" instance=ExtResource( 9 )]

transform = Transform( 0.991455, -0.0681652, -0.111222, 0.0764834, 0.994445, 0.072318, 0.105676, -0.0802067, 0.991161, 19.3056, 17.3881, -21.5408 )
_sections_unfolded = [ "Angular", "Axis Lock", "Collision", "Linear", "Transform" ]

[node name="Ball149" parent="Balls" index="104" instance=ExtResource( 9 )]

transform = Transform( 0.991455, -0.0681652, -0.111222, 0.0764834, 0.994445, 0.072318, 0.105676, -0.0802067, 0.991161, 8.70466, 18.5119, 1.40169 )
_sections_unfolded = [ "Angular", "Axis Lock", "Collision", "Linear", "Transform" ]

[node name="Ball814" parent="Balls" index="105" instance=ExtResource( 9 )]

transform = Transform( 0.991455, -0.0681652, -0.111222, 0.0764834, 0.994445, 0.072318, 0.105676, -0.0802067, 0.991161, 10.4842, 17.3548, -14.4569 )
_sections_unfolded = [ "Angular", "Axis Lock", "Collision", "Linear", "Transform" ]

[node name="Ball493" parent="Balls" index="106" instance=ExtResource( 9 )]

transform = Transform( 0.991455, -0.0681652, -0.111222, 0.0764834, 0.994445, 0.072318, 0.105676, -0.0802067, 0.991161, 24.5679, 19.7356, 3.09249 )
_sections_unfolded = [ "Angular", "Axis Lock", "Collision", "Linear", "Transform" ]

[node name="Ball1133" parent="Balls" index="107" instance=ExtResource( 9 )]

transform = Transform( 0.991455, -0.0681652, -0.111222, 0.0764834, 0.994445, 0.072318, 0.105676, -0.0802067, 0.991161, 26.3475, 18.5785, -12.7661 )
_sections_unfolded = [ "Angular", "Axis Lock", "Collision", "Linear", "Transform" ]

[node name="Ball281" parent="Balls" index="108" instance=ExtResource( 9 )]

transform = Transform( 0.991455, -0.0681652, -0.111222, 0.0764834, 0.994445, 0.072318, 0.105676, -0.0802067, 0.991161, 9.59443, 17.9333, -6.5276 )
_sections_unfolded = [ "Angular", "Axis Lock", "Collision", "Linear", "Transform" ]

[node name="Ball812" parent="Balls" index="109" instance=ExtResource( 9 )]

