[gd_scene load_steps=13 format=2]

[ext_resource path="res://Assets/Scripts/Benchmark.cs" type="Script" id=1]
[ext_resource path="res://Assets/Gridmap/Floor.tres" type="MeshLibrary" id=2]
[ext_resource path="res://Assets/Fonts/ubuntu/ubuntu-M.tres" type="DynamicFont" id=3]
[ext_resource path="res://Assets/Scenes/Trees/Tree_1.tscn" type="PackedScene" id=4]
[ext_resource path="res://Assets/Scenes/Trees/Tree_3.tscn" type="PackedScene" id=5]
[ext_resource path="res://Assets/Scenes/Trees/Tree_4.tscn" type="PackedScene" id=6]
[ext_resource path="res://Assets/Scenes/Trees/Tree_2.tscn" type="PackedScene" id=7]
[ext_resource path="res://Assets/Scenes/Trees/Tree_5.tscn" type="PackedScene" id=8]
[ext_resource path="res://Assets/Img/Checkerboard_6x6.svg" type="Texture" id=9]
[ext_resource path="res://Assets/Scenes/Ball.tscn" type="PackedScene" id=10]

[sub_resource type="PanoramaSky" id=1]

radiance_size = 4
panorama = ExtResource( 9 )

[sub_resource type="Environment" id=2]

background_mode = 2
background_sky = SubResource( 1 )
background_sky_custom_fov = 0.0
background_color = Color( 0.765905, 0.833984, 0.485405, 1 )
background_energy = 0.7
background_canvas_max_layer = 0
ambient_light_color = Color( 0, 0, 0, 1 )
ambient_light_energy = 1.0
ambient_light_sky_contribution = 0.3
fog_enabled = false
fog_color = Color( 0.5, 0.6, 0.7, 1 )
fog_sun_color = Color( 1, 0.9, 0.7, 1 )
fog_sun_amount = 0.0
fog_depth_enabled = true
fog_depth_begin = 10.0
fog_depth_curve = 1.0
fog_transmit_enabled = false
fog_transmit_curve = 1.0
fog_height_enabled = false
fog_height_min = 0.0
fog_height_max = 100.0
fog_height_curve = 1.0
tonemap_mode = 0
tonemap_exposure = 1.0
tonemap_white = 1.0
auto_exposure_enabled = false
auto_exposure_scale = 0.4
auto_exposure_min_luma = 0.05
auto_exposure_max_luma = 8.0
auto_exposure_speed = 0.5
ss_reflections_enabled = true
ss_reflections_max_steps = 64
ss_reflections_fade_in = 0.15
ss_reflections_fade_out = 2.0
ss_reflections_depth_tolerance = 0.2
ss_reflections_roughness = true
ssao_enabled = true
ssao_radius = 1.0
ssao_intensity = 1.0
ssao_radius2 = 0.0
ssao_intensity2 = 1.0
ssao_bias = 0.01
ssao_light_affect = 0.0
ssao_color = Color( 0, 0, 0, 1 )
ssao_quality = 0
ssao_blur = 3
ssao_edge_sharpness = 4.0
dof_blur_far_enabled = false
dof_blur_far_distance = 10.0
dof_blur_far_transition = 5.0
dof_blur_far_amount = 0.1
dof_blur_far_quality = 1
dof_blur_near_enabled = false
dof_blur_near_distance = 2.0
dof_blur_near_transition = 1.0
dof_blur_near_amount = 0.1
dof_blur_near_quality = 1
glow_enabled = false
glow_levels/1 = false
glow_levels/2 = false
glow_levels/3 = true
glow_levels/4 = false
glow_levels/5 = true
glow_levels/6 = false
glow_levels/7 = false
glow_intensity = 0.8
glow_strength = 1.0
glow_bloom = 0.0
glow_blend_mode = 2
glow_hdr_threshold = 1.0
glow_hdr_scale = 2.0
glow_bicubic_upscale = false
adjustment_enabled = false
adjustment_brightness = 1.0
adjustment_contrast = 1.0
adjustment_saturation = 1.0
_sections_unfolded = [ "Ambient Light", "Auto Exposure", "Background", "Fog", "Glow", "SS Reflections", "SSAO", "Tonemap" ]

[node name="Main" type="Spatial" index="0"]

script = ExtResource( 1 )
_sections_unfolded = [ "Transform" ]

[node name="GridMap" type="GridMap" parent="." index="0"]

theme = ExtResource( 2 )
cell_size = Vector3( 2, 2, 2 )
cell_octant_size = 8
cell_center_x = true
cell_center_y = true
cell_center_z = true
cell_scale = 1.0
collision_layer = 1
collision_mask = 1
data = {
"cells": PoolIntArray( -327680, 0, 0, -327679, 0, 0, -327678, 0, 0, -327677, 0, 0, -327676, 0, 0, -327675, 0, 0, -327674, 0, 0, -327673, 0, 0, -327672, 0, 0, -327671, 0, 0, -262154, 0, 0, -262153, 0, 0, -262152, 0, 0, -262151, 0, 0, -262150, 0, 0, -262149, 0, 0, -262148, 0, 0, -262147, 0, 0, -262146, 0, 0, -262145, 0, 0, -327680, 1, 0, -327679, 1, 0, -327678, 1, 0, -327677, 1, 0, -327676, 1, 0, -327675, 1, 0, -327674, 1, 0, -327673, 1, 0, -327672, 1, 0, -327671, 1, 0, -262154, 1, 0, -262153, 1, 0, -262152, 1, 0, -262151, 1, 0, -262150, 1, 0, -262149, 1, 0, -262148, 1, 0, -262147, 1, 0, -262146, 1, 0, -262145, 1, 0, -327680, 2, 0, -327679, 2, 0, -327678, 2, 0, -327677, 2, 0, -327676, 2, 0, -327675, 2, 0, -327674, 2, 0, -327673, 2, 0, -327672, 2, 0, -327671, 2, 0, -262154, 2, 0, -262153, 2, 0, -262152, 2, 0, -262151, 2, 0, -262150, 2, 0, -262149, 2, 0, -262148, 2, 0, -262147, 2, 0, -262146, 2, 0, -262145, 2, 0, -327680, 3, 0, -327679, 3, 0, -327678, 3, 0, -327677, 3, 0, -327676, 3, 0, -327675, 3, 0, -327674, 3, 0, -327673, 3, 0, -327672, 3, 0, -327671, 3, 0, -262154, 3, 0, -262153, 3, 0, -262152, 3, 0, -262151, 3, 0, -262150, 3, 0, -262149, 3, 0, -262148, 3, 0, -262147, 3, 0, -262146, 3, 0, -262145, 3, 0, -327680, 4, 0, -327679, 4, 0, -327678, 4, 0, -327677, 4, 0, -327676, 4, 0, -327675, 4, 0, -327674, 4, 0, -327673, 4, 0, -327672, 4, 0, -327671, 4, 0, -262154, 4, 0, -262153, 4, 0, -262152, 4, 0, -262151, 4, 0, -262150, 4, 0, -262149, 4, 0, -262148, 4, 0, -262147, 4, 0, -262146, 4, 0, -262145, 4, 0, -327680, 5, 0, -327679, 5, 0, -327678, 5, 0, -327677, 5, 0, -327676, 5, 0, -327675, 5, 0, -327674, 5, 0, -327673, 5, 0, -327672, 5, 0, -327671, 5, 0, -262154, 5, 0, -262153, 5, 0, -262152, 5, 0, -262151, 5, 0, -262150, 5, 0, -262149, 5, 0, -262148, 5, 0, -262147, 5, 0, -262146, 5, 0, -262145, 5, 0, -327680, 6, 0, -327679, 6, 0, -327678, 6, 0, -327677, 6, 0, -327676, 6, 0, -327675, 6, 0, -327674, 6, 0, -327673, 6, 0, -327672, 6, 0, -327671, 6, 0, -262154, 6, 0, -262153, 6, 0, -262152, 6, 0, -262151, 6, 0, -262150, 6, 0, -262149, 6, 0, -262148, 6, 0, -262147, 6, 0, -262146, 6, 0, -262145, 6, 0, -327680, 7, 0, -327679, 7, 0, -327678, 7, 0, -327677, 7, 0, -327676, 7, 0, -327675, 7, 0, -327674, 7, 0, -327673, 7, 0, -327672, 7, 0, -327671, 7, 0, -262154, 7, 0, -262153, 7, 0, -262152, 7, 0, -262151, 7, 0, -262150, 7, 0, -262149, 7, 0, -262148, 7, 0, -262147, 7, 0, -262146, 7, 0, -262145, 7, 0, -327680, 8, 0, -327679, 8, 0, -327678, 8, 0, -327677, 8, 0, -327676, 8, 0, -327675, 8, 0, -327674, 8, 0, -327673, 8, 0, -327672, 8, 0, -327671, 8, 0, -262154, 8, 0, -262153, 8, 0, -262152, 8, 0, -262151, 8, 0, -262150, 8, 0, -262149, 8, 0, -262148, 8, 0, -262147, 8, 0, -262146, 8, 0, -262145, 8, 0, -327680, 9, 0, -327679, 9, 0, -327678, 9, 0, -327677, 9, 0, -327676, 9, 0, -327675, 9, 0, -327674, 9, 0, -327673, 9, 0, -327672, 9, 0, -327671, 9, 0, -262154, 9, 0, -262153, 9, 0, -262152, 9, 0, -262151, 9, 0, -262150, 9, 0, -262149, 9, 0, -262148, 9, 0, -262147, 9, 0, -262146, 9, 0, -262145, 9, 0, -327680, 65527, 0, -327679, 65527, 0, -327678, 65527, 0, -327677, 65527, 0, -327676, 65527, 0, -327675, 65527, 0, -327674, 65527, 0, -327673, 65527, 0, -327672, 65527, 0, -327671, 65527, 0, -262154, 65527, 0, -262153, 65527, 0, -262152, 65527, 0, -262151, 65527, 0, -262150, 65527, 0, -262149, 65527, 0, -262148, 65527, 0, -262147, 65527, 0, -262146, 65527, 0, -262145, 65527, 0, -327680, 65528, 0, -327679, 65528, 0, -327678, 65528, 0, -327677, 65528, 0, -327676, 65528, 0, -327675, 65528, 0, -327674, 65528, 0, -327673, 65528, 0, -327672, 65528, 0, -327671, 65528, 0, -262154, 65528, 0, -262153, 65528, 0, -262152, 65528, 0, -262151, 65528, 0, -262150, 65528, 0, -262149, 65528, 0, -262148, 65528, 0, -262147, 65528, 0, -262146, 65528, 0, -262145, 65528, 0, -327680, 65529, 0, -327679, 65529, 0, -327678, 65529, 0, -327677, 65529, 0, -327676, 65529, 0, -327675, 65529, 0, -327674, 65529, 0, -327673, 65529, 0, -327672, 65529, 0, -327671, 65529, 0, -262154, 65529, 0, -262153, 65529, 0, -262152, 65529, 0, -262151, 65529, 0, -262150, 65529, 0, -262149, 65529, 0, -262148, 65529, 0, -262147, 65529, 0, -262146, 65529, 0, -262145, 65529, 0, -327680, 65530, 0, -327679, 65530, 0, -327678, 65530, 0, -327677, 65530, 0, -327676, 65530, 0, -327675, 65530, 0, -327674, 65530, 0, -327673, 65530, 0, -327672, 65530, 0, -327671, 65530, 0, -262154, 65530, 0, -262153, 65530, 0, -262152, 65530, 0, -262151, 65530, 0, -262150, 65530, 0, -262149, 65530, 0, -262148, 65530, 0, -262147, 65530, 0, -262146, 65530, 0, -262145, 65530, 0, -327680, 65531, 0, -327679, 65531, 0, -327678, 65531, 0, -327677, 65531, 0, -327676, 65531, 0, -327675, 65531, 0, -327674, 65531, 0, -327673, 65531, 0, -327672, 65531, 0, -327671, 65531, 0, -262154, 65531, 0, -262153, 65531, 0, -262152, 65531, 0, -262151, 65531, 0, -262150, 65531, 0, -262149, 65531, 0, -262148, 65531, 0, -262147, 65531, 0, -262146, 65531, 0, -262145, 65531, 0, -327680, 65532, 0, -327679, 65532, 0, -327678, 65532, 0, -327677, 65532, 0, -327676, 65532, 0, -327675, 65532, 0, -327674, 65532, 0, -327673, 65532, 0, -327672, 65532, 0, -327671, 65532, 0, -262154, 65532, 0, -262153, 65532, 0, -262152, 65532, 0, -262151, 65532, 0, -262150, 65532, 0, -262149, 65532, 0, -262148, 65532, 0, -262147, 65532, 0, -262146, 65532, 0, -262145, 65532, 0, -327680, 65533, 0, -327679, 65533, 0, -327678, 65533, 0, -327677, 65533, 0, -327676, 65533, 0, -327675, 65533, 0, -327674, 65533, 0, -327673, 65533, 0, -327672, 65533, 0, -327671, 65533, 0, -262154, 65533, 0, -262153, 65533, 0, -262152, 65533, 0, -262151, 65533, 0, -262150, 65533, 0, -262149, 65533, 0, -262148, 65533, 0, -262147, 65533, 0, -262146, 65533, 0, -262145, 65533, 0, -327680, 65534, 0, -327679, 65534, 0, -327678, 65534, 0, -327677, 65534, 0, -327676, 65534, 0, -327675, 65534, 0, -327674, 65534, 0, -327673, 65534, 0, -327672, 65534, 0, -327671, 65534, 0, -262154, 65534, 0, -262153, 65534, 0, -262152, 65534, 0, -262151, 65534, 0, -262150, 65534, 0, -262149, 65534, 0, -262148, 65534, 0, -262147, 65534, 0, -262146, 65534, 0, -262145, 65534, 0, -327680, 65535, 0, -327679, 65535, 0, -327678, 65535, 0, -327677, 65535, 0, -327676, 65535, 0, -327675, 65535, 0, -327674, 65535, 0, -327673, 65535, 0, -327672, 65535, 0, -327671, 65535, 0, -262154, 65535, 0, -262153, 65535, 0, -262152, 65535, 0, -262151, 65535, 0, -262150, 65535, 0, -262149, 65535, 0, -262148, 65535, 0, -262147, 65535, 0, -262146, 65535, 0, -262145, 65535, 0 )
}
__meta__ = {
"_editor_clip_": 0,
"_editor_floor_": Vector3( 0, -5, 0 )
}

[node name="Panel" type="Panel" parent="." index="1"]

anchor_left = 0.0
anchor_top = 0.0
anchor_right = 0.0
anchor_bottom = 0.0
margin_left = 53.0
margin_top = 44.0
margin_right = 163.0
margin_bottom = 84.0
rect_pivot_offset = Vector2( 0, 0 )
rect_clip_content = false
mouse_filter = 0
mouse_default_cursor_shape = 0
size_flags_horizontal = 1
size_flags_vertical = 1

[node name="FPS" type="Label" parent="Panel" index="0"]

anchor_left = 0.0
anchor_top = 0.0
anchor_right = 0.0
anchor_bottom = 0.0
margin_left = 6.0
margin_top = 3.0
margin_right = 66.0
margin_bottom = 37.0
rect_pivot_offset = Vector2( 0, 0 )
rect_clip_content = false
mouse_filter = 2
mouse_default_cursor_shape = 0
size_flags_horizontal = 1
size_flags_vertical = 4
custom_fonts/font = ExtResource( 3 )
text = "FPS:"
percent_visible = 1.0
lines_skipped = 0
max_lines_visible = -1
_sections_unfolded = [ "custom_fonts" ]

[node name="Camera" type="Camera" parent="." index="2"]

transform = Transform( 0.573576, -0.469846, 0.67101, 0, 0.819152, 0.573576, -0.819152, -0.32899, 0.469846, 41.5132, 50.7208, 35.3237 )
keep_aspect = 1
cull_mask = 1048575
environment = null
h_offset = 0.0
v_offset = 0.0
doppler_tracking = 0
projection = 0
current = true
fov = 70.0
size = 1.0
near = 0.05
far = 150.0

[node name="Tree_1" parent="." index="3" instance=ExtResource( 4 )]

transform = Transform( 1, 0, 0, 0, 1, 0, 0, 0, 1, -19.9992, -10.6888, -0.727589 )

[node name="Tree_3" parent="." index="4" instance=ExtResource( 5 )]

transform = Transform( 1, 0, 0, 0, 1, 0, 0, 0, 1, 4.22539, -11, -8.39715 )

[node name="Tree_4" parent="." index="5" instance=ExtResource( 6 )]

transform = Transform( 1, 0, 0, 0, 1, 0, 0, 0, 1, -16.5941, -11, -15.7048 )

[node name="Tree_2" parent="." index="6" instance=ExtResource( 7 )]

transform = Transform( 1, 0, 0, 0, 1, 0, 0, 0, 1, -12.05, -11, 10.9676 )

[node name="Tree_5" parent="." index="7" instance=ExtResource( 8 )]

transform = Transform( 1, 0, 0, 0, 1, 0, 0, 0, 1, 6.43831, -11, 7.86622 )

[node name="WorldEnvironment" type="WorldEnvironment" parent="." index="8"]

environment = SubResource( 2 )

[node name="DirectionalLight" type="DirectionalLight" parent="." index="9"]

transform = Transform( 1, 0, 0, 0, 0.862363, 0.50629, 0, -0.50629, 0.862363, -58.3229, 88.6716, 93.8292 )
layers = 1
light_color = Color( 1, 1, 1, 1 )
light_energy = 1.0
light_indirect_energy = 1.0
light_negative = false
light_specular = 0.5
light_bake_mode = 2
light_cull_mask = -1
shadow_enabled = true
shadow_color = Color( 0, 0, 0, 1 )
shadow_bias = 1.0
shadow_contact = 0.0
shadow_reverse_cull_face = false
editor_only = false
directional_shadow_mode = 2
directional_shadow_split_1 = 0.1
directional_shadow_split_2 = 0.4
directional_shadow_split_3 = 0.6
directional_shadow_blend_splits = true
directional_shadow_normal_bias = 0.8
directional_shadow_bias_split_scale = 0.25
directional_shadow_depth_range = 1
directional_shadow_max_distance = 200.0
_sections_unfolded = [ "Directional Shadow", "Editor", "Light", "Shadow", "Transform" ]

[node name="Balls" type="Spatial" parent="." index="10"]

transform = Transform( 0.991455, 0.0764834, 0.105675, -0.0681651, 0.994445, -0.0802067, -0.111223, 0.072318, 0.991161, -4.6668, 101.402, -2.5303 )

[node name="Ball" parent="Balls" index="0" instance=ExtResource( 10 )]

transform = Transform( 0.991455, -0.0681651, -0.111222, 0.0764834, 0.994445, 0.072318, 0.105676, -0.0802067, 0.991161, 2, 3.8147e-06, 2 )
_sections_unfolded = [ "Angular", "Axis Lock", "Collision", "Linear", "Transform" ]

[node name="Ball1027" parent="Balls" index="1" instance=ExtResource( 10 )]

transform = Transform( 0.991455, -0.0681651, -0.111222, 0.0764832, 0.994445, 0.072318, 0.105676, -0.0802068, 0.991161, -50.6919, 768.705, -59.9998 )
_sections_unfolded = [ "Angular", "Axis Lock", "Collision", "Linear", "Transform" ]

[node name="Ball515" parent="Balls" index="2" instance=ExtResource( 10 )]

transform = Transform( 0.991455, -0.0681651, -0.111222, 0.0764833, 0.994445, 0.072318, 0.105676, -0.0802068, 0.991161, -24.38, 384.85, -29.04 )
_sections_unfolded = [ "Angular", "Axis Lock", "Collision", "Linear", "Transform" ]

[node name="Ball1190" parent="Balls" index="3" instance=ExtResource( 10 )]

transform = Transform( 0.991455, -0.0681651, -0.111222, 0.0764831, 0.994445, 0.072318, 0.105676, -0.0802068, 0.991161, -77.0719, 1153.56, -91.0399 )
_sections_unfolded = [ "Angular", "Axis Lock", "Collision", "Linear", "Transform" ]

[node name="Ball257" parent="Balls" index="4" instance=ExtResource( 10 )]

transform = Transform( 0.991455, -0.0681651, -0.111222, 0.0764834, 0.994445, 0.072318, 0.105676, -0.0802067, 0.991161, -11.1559, 191.928, -13.4799 )
_sections_unfolded = [ "Angular", "Axis Lock", "Collision", "Linear", "Transform" ]

[node name="Ball1435" parent="Balls" index="5" instance=ExtResource( 10 )]

transform = Transform( 0.991455, -0.0681651, -0.111222, 0.0764832, 0.994445, 0.072318, 0.105676, -0.0802068, 0.991161, -63.8478, 960.635, -75.4798 )
_sections_unfolded = [ "Angular", "Axis Lock", "Collision", "Linear", "Transform" ]

[node name="Ball723" parent="Balls" index="6" instance=ExtResource( 10 )]

transform = Transform( 0.991455, -0.0681651, -0.111222, 0.0764833, 0.994445, 0.072318, 0.105676, -0.0802068, 0.991161, -37.5359, 576.778, -44.5199 )
_sections_unfolded = [ "Angular", "Axis Lock", "Collision", "Linear", "Transform" ]

[node name="Ball1287" parent="Balls" index="7" instance=ExtResource( 10 )]

transform = Transform( 0.991455, -0.0681651, -0.111222, 0.076483, 0.994445, 0.072318, 0.105676, -0.0802068, 0.991161, -90.2279, 1345.48, -106.52 )
_sections_unfolded = [ "Angular", "Axis Lock", "Collision", "Linear", "Transform" ]

[node name="Ball129" parent="Balls" index="8" instance=ExtResource( 10 )]

transform = Transform( 0.991455, -0.0681651, -0.111222, 0.0764834, 0.994445, 0.072318, 0.105676, -0.0802067, 0.991161, -4.54385, 95.4667, -5.69985 )
_sections_unfolded = [ "Angular", "Axis Lock", "Collision", "Linear", "Transform" ]

[node name="Ball1351" parent="Balls" index="9" instance=ExtResource( 10 )]

transform = Transform( 0.991455, -0.0681651, -0.111222, 0.0764832, 0.994445, 0.072318, 0.105676, -0.0802068, 0.991161, -57.2356, 864.172, -67.6997 )
_sections_unfolded = [ "Angular", "Axis Lock", "Collision", "Linear", "Transform" ]

[node name="Ball651" parent="Balls" index="10" instance=ExtResource( 10 )]

transform = Transform( 0.991455, -0.0681651, -0.111222, 0.0764833, 0.994445, 0.072318, 0.105676, -0.0802068, 0.991161, -30.9238, 480.317, -36.7398 )
_sections_unfolded = [ "Angular", "Axis Lock", "Collision", "Linear", "Transform" ]

[node name="Ball1144" parent="Balls" index="11" instance=ExtResource( 10 )]

transform = Transform( 0.991455, -0.0681651, -0.111222, 0.076483, 0.994445, 0.072318, 0.105676, -0.0802068, 0.991161, -83.6158, 1249.02, -98.7396 )
_sections_unfolded = [ "Angular", "Axis Lock", "Collision", "Linear", "Transform" ]

[node name="Ball352" parent="Balls" index="12" instance=ExtResource( 10 )]

transform = Transform( 0.991455, -0.0681651, -0.111222, 0.0764834, 0.994445, 0.072318, 0.105676, -0.0802067, 0.991161, -17.6997, 287.395, -21.1797 )
_sections_unfolded = [ "Angular", "Axis Lock", "Collision", "Linear", "Transform" ]

[node name="Ball1656" parent="Balls" index="13" instance=ExtResource( 10 )]

transform = Transform( 0.991455, -0.0681651, -0.111222, 0.0764831, 0.994445, 0.072318, 0.105676, -0.0802068, 0.991161, -70.3917, 1056.1, -83.1796 )
_sections_unfolded = [ "Angular", "Axis Lock", "Collision", "Linear", "Transform" ]

[node name="Ball928" parent="Balls" index="14" instance=ExtResource( 10 )]

transform = Transform( 0.991455, -0.0681651, -0.111222, 0.0764832, 0.994445, 0.072318, 0.105676, -0.0802068, 0.991161, -44.0797, 672.244, -52.2198 )
_sections_unfolded = [ "Angular", "Axis Lock", "Collision", "Linear", "Transform" ]

[node name="Ball1839" parent="Balls" index="15" instance=ExtResource( 10 )]

transform = Transform( 0.991455, -0.0681651, -0.111222, 0.076483, 0.994445, 0.072318, 0.105676, -0.0802068, 0.991161, -96.7718, 1440.95, -114.22 )
_sections_unfolded = [ "Angular", "Axis Lock", "Collision", "Linear", "Transform" ]

[node name="Ball65" parent="Balls" index="16" instance=ExtResource( 10 )]

transform = Transform( 0.991455, -0.0681651, -0.111222, 0.0764833, 0.994445, 0.072318, 0.105676, -0.0802068, 0.991161, -1.27193, 47.7333, -1.84991 )
_sections_unfolded = [ "Angular", "Axis Lock", "Collision", "Linear", "Transform" ]

[node name="Ball1222" parent="Balls" index="17" instance=ExtResource( 10 )]

transform = Transform( 0.991455, -0.0681651, -0.111222, 0.0764831, 0.994445, 0.072318, 0.105676, -0.0802068, 0.991161, -53.9638, 816.44, -63.8497 )
_sections_unfolded = [ "Angular", "Axis Lock", "Collision", "Linear", "Transform" ]

[node name="Ball577" parent="Balls" index="18" instance=ExtResource( 10 )]

transform = Transform( 0.991455, -0.0681651, -0.111222, 0.0764832, 0.994445, 0.072318, 0.105676, -0.0802068, 0.991161, -27.6519, 432.584, -32.8899 )
_sections_unfolded = [ "Angular", "Axis Lock", "Collision", "Linear", "Transform" ]

[node name="Ball1071" parent="Balls" index="19" instance=ExtResource( 10 )]

transform = Transform( 0.991455, -0.0681651, -0.111222, 0.076483, 0.994445, 0.072318, 0.105676, -0.0802068, 0.991161, -80.3439, 1201.29, -94.8898 )
_sections_unfolded = [ "Angular", "Axis Lock", "Collision", "Linear", "Transform" ]

[node name="Ball304" parent="Balls" index="20" instance=ExtResource( 10 )]

transform = Transform( 0.991455, -0.0681651, -0.111222, 0.0764833, 0.994445, 0.072318, 0.105676, -0.0802068, 0.991161, -14.4278, 239.661, -17.3298 )
_sections_unfolded = [ "Angular", "Axis Lock", "Collision", "Linear", "Transform" ]

[node name="Ball1577" parent="Balls" index="21" instance=ExtResource( 10 )]

transform = Transform( 0.991455, -0.0681651, -0.111222, 0.0764831, 0.994445, 0.072318, 0.105676, -0.0802068, 0.991161, -67.1197, 1008.37, -79.3297 )
_sections_unfolded = [ "Angular", "Axis Lock", "Collision", "Linear", "Transform" ]

[node name="Ball856" parent="Balls" index="22" instance=ExtResource( 10 )]

transform = Transform( 0.991455, -0.0681651, -0.111222, 0.0764832, 0.994445, 0.072318, 0.105676, -0.0802068, 0.991161, -40.8078, 624.511, -48.3699 )
_sections_unfolded = [ "Angular", "Axis Lock", "Collision", "Linear", "Transform" ]

[node name="Ball1767" parent="Balls" index="23" instance=ExtResource( 10 )]

transform = Transform( 0.991455, -0.0681651, -0.111222, 0.0764829, 0.994445, 0.072318, 0.105676, -0.0802068, 0.991161, -93.4998, 1393.22, -110.37 )
_sections_unfolded = [ "Angular", "Axis Lock", "Collision", "Linear", "Transform" ]

[node name="Ball172" parent="Balls" index="24" instance=ExtResource( 10 )]

transform = Transform( 0.991455, -0.0681651, -0.111222, 0.0764833, 0.994445, 0.072318, 0.105676, -0.0802068, 0.991161, -7.81579, 143.2, -9.54975 )
_sections_unfolded = [ "Angular", "Axis Lock", "Collision", "Linear", "Transform" ]

[node name="Ball1391" parent="Balls" index="25" instance=ExtResource( 10 )]

transform = Transform( 0.991455, -0.0681651, -0.111222, 0.0764831, 0.994445, 0.072318, 0.105676, -0.0802068, 0.991161, -60.5076, 911.907, -71.5496 )
_sections_unfolded = [ "Angular", "Axis Lock", "Collision", "Linear", "Transform" ]

[node name="Ball691" parent="Balls" index="26" instance=ExtResource( 10 )]

transform = Transform( 0.991455, -0.0681651, -0.111222, 0.0764832, 0.994445, 0.072318, 0.105676, -0.0802068, 0.991161, -34.1957, 528.05, -40.5898 )
_sections_unfolded = [ "Angular", "Axis Lock", "Collision", "Linear", "Transform" ]

[node name="Ball1326" parent="Balls" index="27" instance=ExtResource( 10 )]

transform = Transform( 0.991455, -0.0681651, -0.111222, 0.076483, 0.994445, 0.072318, 0.105676, -0.0802068, 0.991161, -86.8878, 1296.76, -102.59 )
_sections_unfolded = [ "Angular", "Axis Lock", "Collision", "Linear", "Transform" ]

[node name="Ball378" parent="Balls" index="28" instance=ExtResource( 10 )]

transform = Transform( 0.991455, -0.0681651, -0.111222, 0.0764833, 0.994445, 0.072318, 0.105676, -0.0802068, 0.991161, -20.9717, 335.128, -25.0296 )
_sections_unfolded = [ "Angular", "Axis Lock", "Collision", "Linear", "Transform" ]

[node name="Ball1221" parent="Balls" index="29" instance=ExtResource( 10 )]

transform = Transform( 0.991455, -0.0681651, -0.111222, 0.076483, 0.994445, 0.072318, 0.105676, -0.0802068, 0.991161, -73.6636, 1103.83, -87.0295 )
_sections_unfolded = [ "Angular", "Axis Lock", "Collision", "Linear", "Transform" ]

[node name="Ball576" parent="Balls" index="30" instance=ExtResource( 10 )]

transform = Transform( 0.991455, -0.0681651, -0.111222, 0.0764832, 0.994445, 0.072318, 0.105676, -0.0802068, 0.991161, -47.3517, 719.978, -56.0696 )
_sections_unfolded = [ "Angular", "Axis Lock", "Collision", "Linear", "Transform" ]

[node name="Ball1070" parent="Balls" index="31" instance=ExtResource( 10 )]

transform = Transform( 0.991455, -0.0681651, -0.111222, 0.0764829, 0.994445, 0.072318, 0.105676, -0.0802068, 0.991161, -100.044, 1488.69, -118.07 )
_sections_unfolded = [ "Angular", "Axis Lock", "Collision", "Linear", "Transform" ]

[node name="Ball33" parent="Balls" index="32" instance=ExtResource( 10 )]

transform = Transform( 0.991455, -0.0681651, -0.111222, 0.0764834, 0.994445, 0.072318, 0.105676, -0.0802067, 0.991161, 0.36404, 23.8666, 0.0750399 )
_sections_unfolded = [ "Angular", "Axis Lock", "Collision", "Linear", "Transform" ]

[node name="Ball1043" parent="Balls" index="33" instance=ExtResource( 10 )]

transform = Transform( 0.991455, -0.0681651, -0.111222, 0.0764831, 0.994445, 0.072318, 0.105676, -0.0802068, 0.991161, -52.3278, 792.574, -61.9248 )
_sections_unfolded = [ "Angular", "Axis Lock", "Collision", "Linear", "Transform" ]

[node name="Ball531" parent="Balls" index="34" instance=ExtResource( 10 )]

transform = Transform( 0.991455, -0.0681651, -0.111222, 0.0764832, 0.994445, 0.072318, 0.105676, -0.0802068, 0.991161, -26.0159, 408.717, -30.965 )
_sections_unfolded = [ "Angular", "Axis Lock", "Collision", "Linear", "Transform" ]

[node name="Ball1078" parent="Balls" index="35" instance=ExtResource( 10 )]

transform = Transform( 0.991455, -0.0681651, -0.111222, 0.076483, 0.994445, 0.072318, 0.105676, -0.0802068, 0.991161, -78.7079, 1177.42, -92.9648 )
_sections_unfolded = [ "Angular", "Axis Lock", "Collision", "Linear", "Transform" ]

[node name="Ball273" parent="Balls" index="36" instance=ExtResource( 10 )]

transform = Transform( 0.991455, -0.0681651, -0.111222, 0.0764833, 0.994445, 0.072318, 0.105676, -0.0802068, 0.991161, -12.7918, 215.794, -15.4049 )
_sections_unfolded = [ "Angular", "Axis Lock", "Collision", "Linear", "Transform" ]

[node name="Ball1563" parent="Balls" index="37" instance=ExtResource( 10 )]

transform = Transform( 0.991455, -0.0681651, -0.111222, 0.0764831, 0.994445, 0.072318, 0.105676, -0.0802068, 0.991161, -65.4837, 984.501, -77.4047 )
_sections_unfolded = [ "Angular", "Axis Lock", "Collision", "Linear", "Transform" ]

[node name="Ball843" parent="Balls" index="38" instance=ExtResource( 10 )]

transform = Transform( 0.991455, -0.0681651, -0.111222, 0.0764832, 0.994445, 0.072318, 0.105676, -0.0802068, 0.991161, -39.1718, 600.645, -46.4449 )
_sections_unfolded = [ "Angular", "Axis Lock", "Collision", "Linear", "Transform" ]

[node name="Ball1965" parent="Balls" index="39" instance=ExtResource( 10 )]

transform = Transform( 0.991455, -0.0681651, -0.111222, 0.076483, 0.994445, 0.072318, 0.105676, -0.0802068, 0.991161, -91.8638, 1369.35, -108.445 )
_sections_unfolded = [ "Angular", "Axis Lock", "Collision", "Linear", "Transform" ]

[node name="Ball145" parent="Balls" index="40" instance=ExtResource( 10 )]

transform = Transform( 0.991455, -0.0681651, -0.111222, 0.0764833, 0.994445, 0.072318, 0.105676, -0.0802068, 0.991161, -6.17981, 119.333, -7.6248 )
_sections_unfolded = [ "Angular", "Axis Lock", "Collision", "Linear", "Transform" ]

[node name="Ball1615" parent="Balls" index="41" instance=ExtResource( 10 )]

transform = Transform( 0.991455, -0.0681651, -0.111222, 0.0764831, 0.994445, 0.072318, 0.105676, -0.0802068, 0.991161, -58.8717, 888.039, -69.6246 )
_sections_unfolded = [ "Angular", "Axis Lock", "Collision", "Linear", "Transform" ]

[node name="Ball894" parent="Balls" index="42" instance=ExtResource( 10 )]

transform = Transform( 0.991455, -0.0681651, -0.111222, 0.0764832, 0.994445, 0.072318, 0.105676, -0.0802068, 0.991161, -32.5598, 504.184, -38.6648 )
_sections_unfolded = [ "Angular", "Axis Lock", "Collision", "Linear", "Transform" ]

[node name="Ball1805" parent="Balls" index="43" instance=ExtResource( 10 )]

transform = Transform( 0.991455, -0.0681651, -0.111222, 0.076483, 0.994445, 0.072318, 0.105676, -0.0802068, 0.991161, -85.2518, 1272.89, -100.665 )
_sections_unfolded = [ "Angular", "Axis Lock", "Collision", "Linear", "Transform" ]

[node name="Ball450" parent="Balls" index="44" instance=ExtResource( 10 )]

transform = Transform( 0.991455, -0.0681651, -0.111222, 0.0764833, 0.994445, 0.072318, 0.105676, -0.0802068, 0.991161, -19.3357, 311.261, -23.1047 )
_sections_unfolded = [ "Angular", "Axis Lock", "Collision", "Linear", "Transform" ]

[node name="Ball1354" parent="Balls" index="45" instance=ExtResource( 10 )]

transform = Transform( 0.991455, -0.0681651, -0.111222, 0.0764831, 0.994445, 0.072318, 0.105676, -0.0802068, 0.991161, -72.0276, 1079.97, -85.1045 )
_sections_unfolded = [ "Angular", "Axis Lock", "Collision", "Linear", "Transform" ]

[node name="Ball654" parent="Balls" index="46" instance=ExtResource( 10 )]

transform = Transform( 0.991455, -0.0681651, -0.111222, 0.0764832, 0.994445, 0.072318, 0.105676, -0.0802068, 0.991161, -45.7157, 696.112, -54.1446 )
_sections_unfolded = [ "Angular", "Axis Lock", "Collision", "Linear", "Transform" ]

[node name="Ball1147" parent="Balls" index="47" instance=ExtResource( 10 )]

transform = Transform( 0.991455, -0.0681651, -0.111222, 0.076483, 0.994445, 0.072318, 0.105676, -0.0802068, 0.991161, -98.4076, 1464.82, -116.145 )
_sections_unfolded = [ "Angular", "Axis Lock", "Collision", "Linear", "Transform" ]

[node name="Ball81" parent="Balls" index="48" instance=ExtResource( 10 )]

transform = Transform( 0.991455, -0.0681651, -0.111222, 0.0764833, 0.994445, 0.072318, 0.105676, -0.0802068, 0.991161, -2.9079, 71.6, -3.77488 )
_sections_unfolded = [ "Angular", "Axis Lock", "Collision", "Linear", "Transform" ]

[node name="Ball1652" parent="Balls" index="49" instance=ExtResource( 10 )]

transform = Transform( 0.991455, -0.0681651, -0.111222, 0.076483, 0.994445, 0.072318, 0.105676, -0.0802068, 0.991161, -55.5998, 840.306, -65.7746 )
_sections_unfolded = [ "Angular", "Axis Lock", "Collision", "Linear", "Transform" ]

[node name="Ball924" parent="Balls" index="50" instance=ExtResource( 10 )]

transform = Transform( 0.991455, -0.0681651, -0.111222, 0.0764832, 0.994445, 0.072318, 0.105676, -0.0802068, 0.991161, -29.2879, 456.45, -34.8149 )
_sections_unfolded = [ "Angular", "Axis Lock", "Collision", "Linear", "Transform" ]

[node name="Ball1835" parent="Balls" index="51" instance=ExtResource( 10 )]

transform = Transform( 0.991455, -0.0681651, -0.111222, 0.0764829, 0.994445, 0.072318, 0.105676, -0.0802068, 0.991161, -81.9798, 1225.16, -96.8148 )
_sections_unfolded = [ "Angular", "Axis Lock", "Collision", "Linear", "Transform" ]

[node name="Ball464" parent="Balls" index="52" instance=ExtResource( 10 )]

transform = Transform( 0.991455, -0.0681651, -0.111222, 0.0764832, 0.994445, 0.072318, 0.105676, -0.0802068, 0.991161, -16.0638, 263.528, -19.2548 )
_sections_unfolded = [ "Angular", "Axis Lock", "Collision", "Linear", "Transform" ]

[node name="Ball1272" parent="Balls" index="53" instance=ExtResource( 10 )]

transform = Transform( 0.991455, -0.0681651, -0.111222, 0.076483, 0.994445, 0.072318, 0.105676, -0.0802068, 0.991161, -68.7557, 1032.23, -81.2546 )
_sections_unfolded = [ "Angular", "Axis Lock", "Collision", "Linear", "Transform" ]

[node name="Ball627" parent="Balls" index="54" instance=ExtResource( 10 )]

transform = Transform( 0.991455, -0.0681651, -0.111222, 0.0764831, 0.994445, 0.072318, 0.105676, -0.0802068, 0.991161, -42.4438, 648.378, -50.2948 )
_sections_unfolded = [ "Angular", "Axis Lock", "Collision", "Linear", "Transform" ]

[node name="Ball1092" parent="Balls" index="55" instance=ExtResource( 10 )]

transform = Transform( 0.991455, -0.0681651, -0.111222, 0.0764829, 0.994445, 0.072318, 0.105676, -0.0802068, 0.991161, -95.1357, 1417.08, -112.295 )
_sections_unfolded = [ "Angular", "Axis Lock", "Collision", "Linear", "Transform" ]

[node name="Ball221" parent="Balls" index="56" instance=ExtResource( 10 )]

transform = Transform( 0.991455, -0.0681651, -0.111222, 0.0764833, 0.994445, 0.072318, 0.105676, -0.0802068, 0.991161, -9.45175, 167.067, -11.4747 )
_sections_unfolded = [ "Angular", "Axis Lock", "Collision", "Linear", "Transform" ]

[node name="Ball1489" parent="Balls" index="57" instance=ExtResource( 10 )]

transform = Transform( 0.991455, -0.0681651, -0.111222, 0.076483, 0.994445, 0.072318, 0.105676, -0.0802068, 0.991161, -62.1437, 935.773, -73.4746 )
_sections_unfolded = [ "Angular", "Axis Lock", "Collision", "Linear", "Transform" ]

[node name="Ball777" parent="Balls" index="58" instance=ExtResource( 10 )]

transform = Transform( 0.991455, -0.0681651, -0.111222, 0.0764831, 0.994445, 0.072318, 0.105676, -0.0802068, 0.991161, -35.8317, 551.917, -42.5147 )
_sections_unfolded = [ "Angular", "Axis Lock", "Collision", "Linear", "Transform" ]

[node name="Ball1999" parent="Balls" index="59" instance=ExtResource( 10 )]

transform = Transform( 0.991455, -0.0681651, -0.111222, 0.0764829, 0.994445, 0.072318, 0.105676, -0.0802068, 0.991161, -88.5238, 1320.62, -104.515 )
_sections_unfolded = [ "Angular", "Axis Lock", "Collision", "Linear", "Transform" ]

[node name="Ball400" parent="Balls" index="60" instance=ExtResource( 10 )]

transform = Transform( 0.991455, -0.0681651, -0.111222, 0.0764832, 0.994445, 0.072318, 0.105676, -0.0802068, 0.991161, -22.6076, 358.995, -26.9546 )
_sections_unfolded = [ "Angular", "Axis Lock", "Collision", "Linear", "Transform" ]

[node name="Ball1384" parent="Balls" index="61" instance=ExtResource( 10 )]

transform = Transform( 0.991455, -0.0681651, -0.111222, 0.076483, 0.994445, 0.072318, 0.105676, -0.0802068, 0.991161, -75.2996, 1127.7, -88.9545 )
_sections_unfolded = [ "Angular", "Axis Lock", "Collision", "Linear", "Transform" ]

[node name="Ball684" parent="Balls" index="62" instance=ExtResource( 10 )]

transform = Transform( 0.991455, -0.0681651, -0.111222, 0.0764831, 0.994445, 0.072318, 0.105676, -0.0802068, 0.991161, -48.9877, 743.845, -57.9946 )
_sections_unfolded = [ "Angular", "Axis Lock", "Collision", "Linear", "Transform" ]

[node name="Ball1430" parent="Balls" index="63" instance=ExtResource( 10 )]

transform = Transform( 0.991455, -0.0681651, -0.111222, 0.0764829, 0.994445, 0.072318, 0.105676, -0.0802068, 0.991161, -101.68, 1512.55, -119.995 )
_sections_unfolded = [ "Angular", "Axis Lock", "Collision", "Linear", "Transform" ]

[node name="Ball17" parent="Balls" index="64" instance=ExtResource( 10 )]

transform = Transform( 0.991455, -0.0681651, -0.111222, 0.0764834, 0.994445, 0.072318, 0.105676, -0.0802067, 0.991161, 1.18202, 11.9333, 1.03752 )
_sections_unfolded = [ "Angular", "Axis Lock", "Collision", "Linear", "Transform" ]

[node name="Ball1065" parent="Balls" index="65" instance=ExtResource( 10 )]

transform = Transform( 0.991455, -0.0681651, -0.111222, 0.0764832, 0.994445, 0.072318, 0.105676, -0.0802068, 0.991161, -51.5099, 780.64, -60.9623 )
_sections_unfolded = [ "Angular", "Axis Lock", "Collision", "Linear", "Transform" ]

[node name="Ball544" parent="Balls" index="66" instance=ExtResource( 10 )]

transform = Transform( 0.991455, -0.0681651, -0.111222, 0.0764833, 0.994445, 0.072318, 0.105676, -0.0802068, 0.991161, -25.1979, 396.783, -30.0025 )
_sections_unfolded = [ "Angular", "Axis Lock", "Collision", "Linear", "Transform" ]

[node name="Ball1912" parent="Balls" index="67" instance=ExtResource( 10 )]

transform = Transform( 0.991455, -0.0681651, -0.111222, 0.076483, 0.994445, 0.072318, 0.105676, -0.0802068, 0.991161, -77.8899, 1165.49, -92.0025 )
_sections_unfolded = [ "Angular", "Axis Lock", "Collision", "Linear", "Transform" ]

[node name="Ball285" parent="Balls" index="68" instance=ExtResource( 10 )]

transform = Transform( 0.991455, -0.0681651, -0.111222, 0.0764834, 0.994445, 0.072318, 0.105676, -0.0802067, 0.991161, -11.9739, 203.861, -14.4424 )
_sections_unfolded = [ "Angular", "Axis Lock", "Collision", "Linear", "Transform" ]

[node name="Ball1387" parent="Balls" index="69" instance=ExtResource( 10 )]

transform = Transform( 0.991455, -0.0681651, -0.111222, 0.0764831, 0.994445, 0.072318, 0.105676, -0.0802068, 0.991161, -64.6658, 972.568, -76.4422 )
_sections_unfolded = [ "Angular", "Axis Lock", "Collision", "Linear", "Transform" ]

[node name="Ball687" parent="Balls" index="70" instance=ExtResource( 10 )]

transform = Transform( 0.991455, -0.0681651, -0.111222, 0.0764832, 0.994445, 0.072318, 0.105676, -0.0802068, 0.991161, -38.3539, 588.711, -45.4824 )
_sections_unfolded = [ "Angular", "Axis Lock", "Collision", "Linear", "Transform" ]

[node name="Ball1433" parent="Balls" index="71" instance=ExtResource( 10 )]

transform = Transform( 0.991455, -0.0681651, -0.111222, 0.076483, 0.994445, 0.072318, 0.105676, -0.0802068, 0.991161, -91.0459, 1357.42, -107.482 )
_sections_unfolded = [ "Angular", "Axis Lock", "Collision", "Linear", "Transform" ]

[node name="Ball157" parent="Balls" index="72" instance=ExtResource( 10 )]

transform = Transform( 0.991455, -0.0681651, -0.111222, 0.0764834, 0.994445, 0.072318, 0.105676, -0.0802067, 0.991161, -5.36184, 107.4, -6.66233 )
_sections_unfolded = [ "Angular", "Axis Lock", "Collision", "Linear", "Transform" ]

[node name="Ball1691" parent="Balls" index="73" instance=ExtResource( 10 )]

transform = Transform( 0.991455, -0.0681651, -0.111222, 0.0764832, 0.994445, 0.072318, 0.105676, -0.0802068, 0.991161, -58.0537, 876.106, -68.6622 )
_sections_unfolded = [ "Angular", "Axis Lock", "Collision", "Linear", "Transform" ]

[node name="Ball963" parent="Balls" index="74" instance=ExtResource( 10 )]

transform = Transform( 0.991455, -0.0681651, -0.111222, 0.0764833, 0.994445, 0.072318, 0.105676, -0.0802068, 0.991161, -31.7418, 492.25, -37.7023 )
_sections_unfolded = [ "Angular", "Axis Lock", "Collision", "Linear", "Transform" ]

[node name="Ball1874" parent="Balls" index="75" instance=ExtResource( 10 )]

transform = Transform( 0.991455, -0.0681651, -0.111222, 0.076483, 0.994445, 0.072318, 0.105676, -0.0802068, 0.991161, -84.4338, 1260.96, -99.7022 )
_sections_unfolded = [ "Angular", "Axis Lock", "Collision", "Linear", "Transform" ]

[node name="Ball480" parent="Balls" index="76" instance=ExtResource( 10 )]

transform = Transform( 0.991455, -0.0681651, -0.111222, 0.0764833, 0.994445, 0.072318, 0.105676, -0.0802068, 0.991161, -18.5177, 299.328, -22.1422 )
_sections_unfolded = [ "Angular", "Axis Lock", "Collision", "Linear", "Transform" ]

[node name="Ball1688" parent="Balls" index="77" instance=ExtResource( 10 )]

transform = Transform( 0.991455, -0.0681651, -0.111222, 0.0764831, 0.994445, 0.072318, 0.105676, -0.0802068, 0.991161, -71.2097, 1068.03, -84.1421 )
_sections_unfolded = [ "Angular", "Axis Lock", "Collision", "Linear", "Transform" ]

[node name="Ball960" parent="Balls" index="78" instance=ExtResource( 10 )]

transform = Transform( 0.991455, -0.0681651, -0.111222, 0.0764832, 0.994445, 0.072318, 0.105676, -0.0802068, 0.991161, -44.8977, 684.179, -53.1822 )
_sections_unfolded = [ "Angular", "Axis Lock", "Collision", "Linear", "Transform" ]

[node name="Ball1871" parent="Balls" index="79" instance=ExtResource( 10 )]

transform = Transform( 0.991455, -0.0681651, -0.111222, 0.076483, 0.994445, 0.072318, 0.105676, -0.0802068, 0.991161, -97.5898, 1452.89, -115.182 )
_sections_unfolded = [ "Angular", "Axis Lock", "Collision", "Linear", "Transform" ]

[node name="Ball93" parent="Balls" index="80" instance=ExtResource( 10 )]

transform = Transform( 0.991455, -0.0681651, -0.111222, 0.0764833, 0.994445, 0.072318, 0.105676, -0.0802068, 0.991161, -2.08991, 59.6667, -2.81239 )
_sections_unfolded = [ "Angular", "Axis Lock", "Collision", "Linear", "Transform" ]

[node name="Ball1210" parent="Balls" index="81" instance=ExtResource( 10 )]

transform = Transform( 0.991455, -0.0681651, -0.111222, 0.0764831, 0.994445, 0.072318, 0.105676, -0.0802068, 0.991161, -54.7818, 828.373, -64.8123 )
_sections_unfolded = [ "Angular", "Axis Lock", "Collision", "Linear", "Transform" ]

[node name="Ball565" parent="Balls" index="82" instance=ExtResource( 10 )]

transform = Transform( 0.991455, -0.0681651, -0.111222, 0.0764832, 0.994445, 0.072318, 0.105676, -0.0802068, 0.991161, -28.4699, 444.517, -33.8524 )
_sections_unfolded = [ "Angular", "Axis Lock", "Collision", "Linear", "Transform" ]

[node name="Ball1124" parent="Balls" index="83" instance=ExtResource( 10 )]

transform = Transform( 0.991455, -0.0681651, -0.111222, 0.076483, 0.994445, 0.072318, 0.105676, -0.0802068, 0.991161, -81.162, 1213.22, -95.8523 )
_sections_unfolded = [ "Angular", "Axis Lock", "Collision", "Linear", "Transform" ]

[node name="Ball296" parent="Balls" index="84" instance=ExtResource( 10 )]

transform = Transform( 0.991455, -0.0681651, -0.111222, 0.0764833, 0.994445, 0.072318, 0.105676, -0.0802068, 0.991161, -15.2458, 251.594, -18.2923 )
_sections_unfolded = [ "Angular", "Axis Lock", "Collision", "Linear", "Transform" ]

[node name="Ball1586" parent="Balls" index="85" instance=ExtResource( 10 )]

transform = Transform( 0.991455, -0.0681651, -0.111222, 0.076483, 0.994445, 0.072318, 0.105676, -0.0802068, 0.991161, -67.9378, 1020.3, -80.2921 )
_sections_unfolded = [ "Angular", "Axis Lock", "Collision", "Linear", "Transform" ]

[node name="Ball865" parent="Balls" index="86" instance=ExtResource( 10 )]

